{
  "V_11": 517.8345529614771, 
  "V_12": 590.2558777557339, 
  "V_13": 490.3747951936618, 
  "V_14": 603.4152405486916, 
  "V_15": 261.18393195410704, 
  "V_16": 102.77495761423883, 
  "V_17": 39.001561612199644, 
  "V_21": 590.2558777557339, 
  "V_22": 668.4200754043557, 
  "V_23": 559.1971204024164, 
  "V_24": 687.2156408265201, 
  "V_25": 298.41786764085197, 
  "V_26": 117.76352834164045, 
  "V_27": 44.495886360609376, 
  "V_31": 490.3747951936618, 
  "V_32": 559.1971204024164, 
  "V_33": 467.02309968259596, 
  "V_34": 574.2112691690864, 
  "V_35": 248.51516555887807, 
  "V_36": 98.12690503491807, 
  "V_37": 37.31459025194878, 
  "V_41": 603.4152405486916, 
  "V_42": 687.2156408265201, 
  "V_43": 574.2112691690864, 
  "V_44": 706.9850995055004, 
  "V_45": 306.4932648283449, 
  "V_46": 121.06836630964118, 
  "V_47": 45.97432312209266, 
  "V_51": 261.18393195410704, 
  "V_52": 298.41786764085197, 
  "V_53": 248.51516555887807, 
  "V_54": 306.4932648283449, 
  "V_55": 133.15463094112954, 
  "V_56": 52.861322822474264, 
  "V_57": 20.29043996325065, 
  "V_61": 102.77495761423883, 
  "V_62": 117.76352834164045, 
  "V_63": 98.12690503491807, 
  "V_64": 121.06836630964118, 
  "V_65": 52.861322822474264, 
  "V_66": 21.106926242387487, 
  "V_67": 8.138053035719404, 
  "V_71": 39.001561612199644, 
  "V_72": 44.495886360609376, 
  "V_73": 37.31459025194878, 
  "V_74": 45.97432312209266, 
  "V_75": 20.29043996325065, 
  "V_76": 8.138053035719404, 
  "V_77": 3.2015087031098144
}