{
  "V_11": 27.031974000518392, 
  "V_12": 44.99921288598045, 
  "V_13": 41.98883565074749, 
  "V_14": 54.32780036475522, 
  "V_15": 23.485732947549845, 
  "V_16": 8.756956956107262, 
  "V_17": 3.045602410897968, 
  "V_21": 44.99921288598045, 
  "V_22": 66.67630792184823, 
  "V_23": 62.838014982531114, 
  "V_24": 82.38339734177585, 
  "V_25": 35.13859874870479, 
  "V_26": 13.252450246118284, 
  "V_27": 4.463447919941825, 
  "V_31": 41.98883565074749, 
  "V_32": 62.838014982531114, 
  "V_33": 58.81331621961053, 
  "V_34": 76.77720162793148, 
  "V_35": 32.99839435650527, 
  "V_36": 12.434750568757542, 
  "V_37": 4.186681618704988, 
  "V_41": 54.32780036475522, 
  "V_42": 82.38339734177585, 
  "V_43": 76.77720162793148, 
  "V_44": 100.602434158359, 
  "V_45": 43.313245679747595, 
  "V_46": 16.166319055342644, 
  "V_47": 5.434914663245976, 
  "V_51": 23.485732947549845, 
  "V_52": 35.13859874870479, 
  "V_53": 32.99839435650527, 
  "V_54": 43.313245679747595, 
  "V_55": 18.5608652006954, 
  "V_56": 6.755460394936047, 
  "V_57": 2.2264713262670117, 
  "V_61": 8.756956956107262, 
  "V_62": 13.252450246118284, 
  "V_63": 12.434750568757542, 
  "V_64": 16.166319055342644, 
  "V_65": 6.755460394936047, 
  "V_66": 2.3465191944352948, 
  "V_67": 0.75644567419856, 
  "V_71": 3.045602410897968, 
  "V_72": 4.463447919941825, 
  "V_73": 4.186681618704988, 
  "V_74": 5.434914663245976, 
  "V_75": 2.2264713262670117, 
  "V_76": 0.75644567419856, 
  "V_77": 0.21032961000793202
}