{
  "V_11": 66.26824781876206, 
  "V_12": 88.15561440307462, 
  "V_13": 69.58594238408948, 
  "V_14": 78.3172482243704, 
  "V_15": 30.066732306624118, 
  "V_16": 10.726010950605446, 
  "V_17": 4.759296252275295, 
  "V_21": 88.15561440307462, 
  "V_22": 117.03369334155691, 
  "V_23": 92.38257972616807, 
  "V_24": 104.31305078054515, 
  "V_25": 39.994500938791425, 
  "V_26": 14.310223514235854, 
  "V_27": 6.366117285768098, 
  "V_31": 69.58594238408948, 
  "V_32": 92.38257972616807, 
  "V_33": 73.13861892070071, 
  "V_34": 82.6607583615665, 
  "V_35": 31.75645660051691, 
  "V_36": 11.338485393363841, 
  "V_37": 5.049341805724326, 
  "V_41": 78.3172482243704, 
  "V_42": 104.31305078054515, 
  "V_43": 82.6607583615665, 
  "V_44": 93.43345783744343, 
  "V_45": 35.940000027285954, 
  "V_46": 12.850584475570017, 
  "V_47": 5.737165869638913, 
  "V_51": 30.066732306624118, 
  "V_52": 39.994500938791425, 
  "V_53": 31.75645660051691, 
  "V_54": 35.940000027285954, 
  "V_55": 13.904495080532058, 
  "V_56": 5.0006285597476365, 
  "V_57": 2.241165502578404, 
  "V_61": 10.726010950605446, 
  "V_62": 14.310223514235854, 
  "V_63": 11.338485393363841, 
  "V_64": 12.850584475570017, 
  "V_65": 5.0006285597476365, 
  "V_66": 1.9215063409113398, 
  "V_67": 0.8266539986576733, 
  "V_71": 4.759296252275295, 
  "V_72": 6.366117285768098, 
  "V_73": 5.049341805724326, 
  "V_74": 5.737165869638913, 
  "V_75": 2.241165502578404, 
  "V_76": 0.8266539986576733, 
  "V_77": 0.5120207002014451
}