{
  "V_11": 518.3957836734426, 
  "V_12": 693.3367316098626, 
  "V_13": 551.4928165940256, 
  "V_14": 627.1470664574834, 
  "V_15": 241.27155668571373, 
  "V_16": 83.99553988526736, 
  "V_17": 28.483143360681993, 
  "V_21": 693.3367316098626, 
  "V_22": 927.4990211555263, 
  "V_23": 737.6291796608602, 
  "V_24": 838.9151889002937, 
  "V_25": 322.699838605995, 
  "V_26": 112.26561794355418, 
  "V_27": 38.02707850711035, 
  "V_31": 551.4928165940256, 
  "V_32": 737.6291796608602, 
  "V_33": 586.8502711225307, 
  "V_34": 667.7713381051278, 
  "V_35": 256.86530712200675, 
  "V_36": 89.37249490446249, 
  "V_37": 30.24635839067659, 
  "V_41": 627.1470664574834, 
  "V_42": 838.9151889002937, 
  "V_43": 667.7713381051278, 
  "V_44": 759.5662735157342, 
  "V_45": 292.2151694621677, 
  "V_46": 101.70629906608575, 
  "V_47": 34.436330779240244, 
  "V_51": 241.27155668571373, 
  "V_52": 322.699838605995, 
  "V_53": 256.86530712200675, 
  "V_54": 292.2151694621677, 
  "V_55": 112.59233221587061, 
  "V_56": 39.190122831078, 
  "V_57": 13.272875179789358, 
  "V_61": 83.99553988526736, 
  "V_62": 112.26561794355418, 
  "V_63": 89.37249490446249, 
  "V_64": 101.70629906608575, 
  "V_65": 39.190122831078, 
  "V_66": 13.693564094781767, 
  "V_67": 4.640412416693072, 
  "V_71": 28.483143360681993, 
  "V_72": 38.02707850711035, 
  "V_73": 30.24635839067659, 
  "V_74": 34.436330779240244, 
  "V_75": 13.272875179789358, 
  "V_76": 4.640412416693072, 
  "V_77": 1.6831680255033228
}