{
  "V_11": 518.3057412202858, 
  "V_12": 693.1266988320646, 
  "V_13": 551.3695484761172, 
  "V_14": 627.1019058168134, 
  "V_15": 241.29948435845873, 
  "V_16": 83.93321639384538, 
  "V_17": 28.42976283442116, 
  "V_21": 693.1266988320646, 
  "V_22": 927.0886826067893, 
  "V_23": 737.4703052397886, 
  "V_24": 838.878677771251, 
  "V_25": 322.68782300424095, 
  "V_26": 112.28948853083611, 
  "V_27": 38.038462633347, 
  "V_31": 551.3695484761172, 
  "V_32": 737.4703052397886, 
  "V_33": 586.8239883215342, 
  "V_34": 667.5806196753838, 
  "V_35": 256.7869774525754, 
  "V_36": 89.36854535761287, 
  "V_37": 30.26413490230869, 
  "V_41": 627.1019058168134, 
  "V_42": 838.878677771251, 
  "V_43": 667.5806196753838, 
  "V_44": 759.627614300759, 
  "V_45": 292.2752888126098, 
  "V_46": 101.68544423244441, 
  "V_47": 34.44229010283099, 
  "V_51": 241.29948435845873, 
  "V_52": 322.68782300424095, 
  "V_53": 256.7869774525754, 
  "V_54": 292.2752888126098, 
  "V_55": 112.55144650258923, 
  "V_56": 39.18054281003378, 
  "V_57": 13.264482871412342, 
  "V_61": 83.93321639384538, 
  "V_62": 112.28948853083611, 
  "V_63": 89.36854535761287, 
  "V_64": 101.68544423244441, 
  "V_65": 39.18054281003378, 
  "V_66": 13.68402376067488, 
  "V_67": 4.636688124069169, 
  "V_71": 28.42976283442116, 
  "V_72": 38.038462633347, 
  "V_73": 30.26413490230869, 
  "V_74": 34.44229010283099, 
  "V_75": 13.264482871412342, 
  "V_76": 4.636688124069169, 
  "V_77": 1.6830231797878104
}