{
  "V_11": 928.1211465635424, 
  "V_12": 1257.5810537380924, 
  "V_13": 1041.935265466832, 
  "V_14": 1270.706951427332, 
  "V_15": 543.1634575828805, 
  "V_16": 210.95665591454357, 
  "V_17": 78.51745015232777, 
  "V_21": 1257.5810537380924, 
  "V_22": 1704.9429583951803, 
  "V_23": 1412.3466153057882, 
  "V_24": 1723.0661504181846, 
  "V_25": 736.277773236947, 
  "V_26": 286.1469997872297, 
  "V_27": 106.54202878468891, 
  "V_31": 1041.935265466832, 
  "V_32": 1412.3466153057882, 
  "V_33": 1169.9400256787856, 
  "V_34": 1427.6681730622677, 
  "V_35": 610.3504627940544, 
  "V_36": 237.1641723277815, 
  "V_37": 88.36778893986993, 
  "V_41": 1270.706951427332, 
  "V_42": 1723.0661504181846, 
  "V_43": 1427.6681730622677, 
  "V_44": 1742.7761641126635, 
  "V_45": 745.2292129601755, 
  "V_46": 289.6900411308271, 
  "V_47": 107.95943752614917, 
  "V_51": 543.1634575828805, 
  "V_52": 736.277773236947, 
  "V_53": 610.3504627940544, 
  "V_54": 745.2292129601755, 
  "V_55": 318.9974791599019, 
  "V_56": 124.09018575658838, 
  "V_57": 46.32611501222814, 
  "V_61": 210.95665591454357, 
  "V_62": 286.1469997872297, 
  "V_63": 237.1641723277815, 
  "V_64": 289.6900411308271, 
  "V_65": 124.09018575658838, 
  "V_66": 48.39927030736006, 
  "V_67": 18.147046918265037, 
  "V_71": 78.51745015232777, 
  "V_72": 106.54202878468891, 
  "V_73": 88.36778893986993, 
  "V_74": 107.95943752614917, 
  "V_75": 46.32611501222814, 
  "V_76": 18.147046918265037, 
  "V_77": 6.848745488825336
}