{
  "V_11": 17.382591853107865, 
  "V_12": 30.81182875576347, 
  "V_13": 28.607680305445776, 
  "V_14": 36.54185770522141, 
  "V_15": 15.246163863075152, 
  "V_16": 5.519800732206902, 
  "V_17": 1.9368308089339872, 
  "V_21": 30.81182875576347, 
  "V_22": 54.46174780996818, 
  "V_23": 50.61147536744847, 
  "V_24": 64.61892968009069, 
  "V_25": 26.962124411328908, 
  "V_26": 9.755632718489148, 
  "V_27": 3.3809154776167647, 
  "V_31": 28.607680305445776, 
  "V_32": 50.61147536744847, 
  "V_33": 47.159118366408585, 
  "V_34": 60.007104161725934, 
  "V_35": 25.109384938799437, 
  "V_36": 9.10955777859601, 
  "V_37": 3.1174397096557147, 
  "V_41": 36.54185770522141, 
  "V_42": 64.61892968009069, 
  "V_43": 60.007104161725934, 
  "V_44": 76.55528668558608, 
  "V_45": 31.931280239632372, 
  "V_46": 11.554859719718625, 
  "V_47": 3.940919865896568, 
  "V_51": 15.246163863075152, 
  "V_52": 26.962124411328908, 
  "V_53": 25.109384938799437, 
  "V_54": 31.931280239632372, 
  "V_55": 13.297039790635981, 
  "V_56": 4.787581710989672, 
  "V_57": 1.6248195471764828, 
  "V_61": 5.519800732206902, 
  "V_62": 9.755632718489148, 
  "V_63": 9.10955777859601, 
  "V_64": 11.554859719718625, 
  "V_65": 4.787581710989672, 
  "V_66": 1.7156880030483987, 
  "V_67": 0.5705282518518013, 
  "V_71": 1.9368308089339872, 
  "V_72": 3.3809154776167647, 
  "V_73": 3.1174397096557147, 
  "V_74": 3.940919865896568, 
  "V_75": 1.6248195471764828, 
  "V_76": 0.5705282518518013, 
  "V_77": 0.19114189922051095
}