{
  "V_11": 12.54544165993264, 
  "V_12": 17.377790609387322, 
  "V_13": 12.916505318095773, 
  "V_14": 15.23735794133696, 
  "V_15": 6.796276852853754, 
  "V_16": 3.0584087705271967, 
  "V_17": 1.3247866269079291, 
  "V_21": 17.377790609387322, 
  "V_22": 23.624802198910775, 
  "V_23": 19.3122088255166, 
  "V_24": 22.277302029482446, 
  "V_25": 9.689834303951914, 
  "V_26": 4.482474743421398, 
  "V_27": 2.0161362383669728, 
  "V_31": 12.916505318095773, 
  "V_32": 19.3122088255166, 
  "V_33": 15.922294609803814, 
  "V_34": 18.87550042970539, 
  "V_35": 8.354700998270351, 
  "V_36": 3.691956688904686, 
  "V_37": 1.6106956322175208, 
  "V_41": 15.23735794133696, 
  "V_42": 22.277302029482446, 
  "V_43": 18.87550042970539, 
  "V_44": 22.843995368560755, 
  "V_45": 10.200721461979121, 
  "V_46": 4.619870654430613, 
  "V_47": 2.189612092846854, 
  "V_51": 6.796276852853754, 
  "V_52": 9.689834303951914, 
  "V_53": 8.354700998270351, 
  "V_54": 10.200721461979121, 
  "V_55": 4.764627276457564, 
  "V_56": 2.186231599270476, 
  "V_57": 1.0035396947337873, 
  "V_61": 3.0584087705271967, 
  "V_62": 4.482474743421398, 
  "V_63": 3.691956688904686, 
  "V_64": 4.619870654430613, 
  "V_65": 2.186231599270476, 
  "V_66": 1.086951202899273, 
  "V_67": 0.5105525301406798, 
  "V_71": 1.3247866269079291, 
  "V_72": 2.0161362383669728, 
  "V_73": 1.6106956322175208, 
  "V_74": 2.189612092846854, 
  "V_75": 1.0035396947337873, 
  "V_76": 0.5105525301406798, 
  "V_77": 0.2647284944004009
}