{
  "V_11": 319.7132517823111, 
  "V_12": 426.88810190095995, 
  "V_13": 339.3740131328991, 
  "V_14": 386.1259632586297, 
  "V_15": 148.894433334537, 
  "V_16": 52.42721795164656, 
  "V_17": 18.051537403143726, 
  "V_21": 426.88810190095995, 
  "V_22": 570.8292904550785, 
  "V_23": 454.45346481129945, 
  "V_24": 517.1179965873943, 
  "V_25": 199.4009146527134, 
  "V_26": 70.15006194056846, 
  "V_27": 24.225156985748015, 
  "V_31": 339.3740131328991, 
  "V_32": 454.45346481129945, 
  "V_33": 361.6504105571131, 
  "V_34": 411.2222994952022, 
  "V_35": 158.73665962216862, 
  "V_36": 55.78157511523867, 
  "V_37": 19.304915979374762, 
  "V_41": 386.1259632586297, 
  "V_42": 517.1179965873943, 
  "V_43": 411.2222994952022, 
  "V_44": 468.0690069943416, 
  "V_45": 180.77070448539683, 
  "V_46": 63.63263267560246, 
  "V_47": 22.046837117402482, 
  "V_51": 148.894433334537, 
  "V_52": 199.4009146527134, 
  "V_53": 158.73665962216862, 
  "V_54": 180.77070448539683, 
  "V_55": 69.89707882748883, 
  "V_56": 24.65778251596558, 
  "V_57": 8.567795969178219, 
  "V_61": 52.42721795164656, 
  "V_62": 70.15006194056846, 
  "V_63": 55.78157511523867, 
  "V_64": 63.63263267560246, 
  "V_65": 24.65778251596558, 
  "V_66": 8.752953550049611, 
  "V_67": 3.0639635346736824, 
  "V_71": 18.051537403143726, 
  "V_72": 24.225156985748015, 
  "V_73": 19.304915979374762, 
  "V_74": 22.046837117402482, 
  "V_75": 8.567795969178219, 
  "V_76": 3.0639635346736824, 
  "V_77": 1.1482457631299756
}