{
  "V_11": 160.9778059710079, 
  "V_12": 214.84974998185746, 
  "V_13": 170.47677395697121, 
  "V_14": 193.32361004683835, 
  "V_15": 74.46876971762114, 
  "V_16": 26.135129965430608, 
  "V_17": 9.702295513610014, 
  "V_21": 214.84974998185746, 
  "V_22": 287.1945809948502, 
  "V_23": 227.93929095289698, 
  "V_24": 258.6266069973188, 
  "V_25": 99.59159715174086, 
  "V_26": 34.96763553223584, 
  "V_27": 12.983789607658336, 
  "V_31": 170.47677395697121, 
  "V_32": 227.93929095289698, 
  "V_33": 180.94034245157624, 
  "V_34": 205.37553640066858, 
  "V_35": 79.09604823106227, 
  "V_36": 27.791747661680347, 
  "V_37": 10.32122378495876, 
  "V_41": 193.32361004683835, 
  "V_42": 258.6266069973188, 
  "V_43": 205.37553640066858, 
  "V_44": 233.2072841653924, 
  "V_45": 89.87868786646084, 
  "V_46": 31.59596119481089, 
  "V_47": 11.755518766887045, 
  "V_51": 74.46876971762114, 
  "V_52": 99.59159715174086, 
  "V_53": 79.09604823106227, 
  "V_54": 89.87868786646084, 
  "V_55": 34.779908976130415, 
  "V_56": 12.24338075486924, 
  "V_57": 4.577269746107316, 
  "V_61": 26.135129965430608, 
  "V_62": 34.96763553223584, 
  "V_63": 27.791747661680347, 
  "V_64": 31.59596119481089, 
  "V_65": 12.24338075486924, 
  "V_66": 4.383120241134647, 
  "V_67": 1.6401389391783316, 
  "V_71": 9.702295513610014, 
  "V_72": 12.983789607658336, 
  "V_73": 10.32122378495876, 
  "V_74": 11.755518766887045, 
  "V_75": 4.577269746107316, 
  "V_76": 1.6401389391783316, 
  "V_77": 0.7324998314699774
}