{
  "V_11": 7.309746548244334, 
  "V_12": 12.911057984010121, 
  "V_13": 12.04243509020694, 
  "V_14": 15.303979503030812, 
  "V_15": 6.307858261203727, 
  "V_16": 2.3049754989155673, 
  "V_17": 0.8470443568921177, 
  "V_21": 12.911057984010121, 
  "V_22": 22.58174403163235, 
  "V_23": 21.18519670746369, 
  "V_24": 26.993769715002745, 
  "V_25": 11.096825813528106, 
  "V_26": 4.049636972571768, 
  "V_27": 1.5084355508103016, 
  "V_31": 12.04243509020694, 
  "V_32": 21.18519670746369, 
  "V_33": 19.494094830591003, 
  "V_34": 25.099422942314007, 
  "V_35": 10.335903629273833, 
  "V_36": 3.7482407098574084, 
  "V_37": 1.3652453486010956, 
  "V_41": 15.303979503030812, 
  "V_42": 26.993769715002745, 
  "V_43": 25.099422942314007, 
  "V_44": 31.595566445554038, 
  "V_45": 13.19078439676051, 
  "V_46": 4.7277092670584775, 
  "V_47": 1.737286039866108, 
  "V_51": 6.307858261203727, 
  "V_52": 11.096825813528106, 
  "V_53": 10.335903629273833, 
  "V_54": 13.19078439676051, 
  "V_55": 5.494018992663183, 
  "V_56": 1.95145524222659, 
  "V_57": 0.6948122415404663, 
  "V_61": 2.3049754989155673, 
  "V_62": 4.049636972571768, 
  "V_63": 3.7482407098574084, 
  "V_64": 4.7277092670584775, 
  "V_65": 1.95145524222659, 
  "V_66": 0.6758679394767402, 
  "V_67": 0.2451940454787294, 
  "V_71": 0.8470443568921177, 
  "V_72": 1.5084355508103016, 
  "V_73": 1.3652453486010956, 
  "V_74": 1.737286039866108, 
  "V_75": 0.6948122415404663, 
  "V_76": 0.2451940454787294, 
  "V_77": 0.0853549787781257
}