{
  "V_11": 11.662233670807584, 
  "V_12": 17.00156608179471, 
  "V_13": 13.19342905614569, 
  "V_14": 15.599264895143843, 
  "V_15": 6.767311187986785, 
  "V_16": 2.8293254346658547, 
  "V_17": 1.2815917642100603, 
  "V_21": 17.00156608179471, 
  "V_22": 24.073148514706258, 
  "V_23": 19.582989003267908, 
  "V_24": 23.19766075615134, 
  "V_25": 10.196438340590365, 
  "V_26": 4.349824005561245, 
  "V_27": 2.0062515867005506, 
  "V_31": 13.19342905614569, 
  "V_32": 19.582989003267908, 
  "V_33": 16.370883054602267, 
  "V_34": 18.986287221347034, 
  "V_35": 8.486361667877498, 
  "V_36": 3.702407108634249, 
  "V_37": 1.6882689047416373, 
  "V_41": 15.599264895143843, 
  "V_42": 23.19766075615134, 
  "V_43": 18.986287221347034, 
  "V_44": 22.543675727832973, 
  "V_45": 10.298797432008525, 
  "V_46": 4.600877304634716, 
  "V_47": 2.0647607984866543, 
  "V_51": 6.767311187986785, 
  "V_52": 10.196438340590365, 
  "V_53": 8.486361667877498, 
  "V_54": 10.298797432008525, 
  "V_55": 4.7493074821622, 
  "V_56": 2.238455168106258, 
  "V_57": 1.028945032259111, 
  "V_61": 2.8293254346658547, 
  "V_62": 4.349824005561245, 
  "V_63": 3.702407108634249, 
  "V_64": 4.600877304634716, 
  "V_65": 2.238455168106258, 
  "V_66": 0.9900253326515032, 
  "V_67": 0.5060617898339121, 
  "V_71": 1.2815917642100603, 
  "V_72": 2.0062515867005506, 
  "V_73": 1.6882689047416373, 
  "V_74": 2.0647607984866543, 
  "V_75": 1.028945032259111, 
  "V_76": 0.5060617898339121, 
  "V_77": 0.262683981280551
}