{
  "V_11": 253.9947979524933, 
  "V_12": 340.3946576465922, 
  "V_13": 273.48254938461537, 
  "V_14": 315.09235689575036, 
  "V_15": 123.03086853086853, 
  "V_16": 43.36248021726648, 
  "V_17": 14.582215830035839, 
  "V_21": 340.3946576465922, 
  "V_22": 456.75262599555305, 
  "V_23": 366.62461439854786, 
  "V_24": 422.4104757654179, 
  "V_25": 165.05636023415235, 
  "V_26": 58.19906605035025, 
  "V_27": 19.53775587541409, 
  "V_31": 273.48254938461537, 
  "V_32": 366.62461439854786, 
  "V_33": 294.17019732587175, 
  "V_34": 338.9618311076805, 
  "V_35": 132.47600825245297, 
  "V_36": 46.7657889713583, 
  "V_37": 15.725952007365242, 
  "V_41": 315.09235689575036, 
  "V_42": 422.4104757654179, 
  "V_43": 338.9618311076805, 
  "V_44": 390.91511200602486, 
  "V_45": 152.57889470168058, 
  "V_46": 53.88913336169401, 
  "V_47": 18.114031169324473, 
  "V_51": 123.03086853086853, 
  "V_52": 165.05636023415235, 
  "V_53": 132.47600825245297, 
  "V_54": 152.57889470168058, 
  "V_55": 59.67348550712799, 
  "V_56": 21.050532133258393, 
  "V_57": 7.080126130878585, 
  "V_61": 43.36248021726648, 
  "V_62": 58.19906605035025, 
  "V_63": 46.7657889713583, 
  "V_64": 53.88913336169401, 
  "V_65": 21.050532133258393, 
  "V_66": 7.438568762599682, 
  "V_67": 2.499337869967028, 
  "V_71": 14.582215830035839, 
  "V_72": 19.53775587541409, 
  "V_73": 15.725952007365242, 
  "V_74": 18.114031169324473, 
  "V_75": 7.080126130878585, 
  "V_76": 2.499337869967028, 
  "V_77": 0.8387952585458744
}