{
  "V_11": 319.50847163882935, 
  "V_12": 426.95006984331565, 
  "V_13": 339.3999140475064, 
  "V_14": 386.17552394065655, 
  "V_15": 149.02845973545817, 
  "V_16": 52.35600483756326, 
  "V_17": 18.091144260454936, 
  "V_21": 426.95006984331565, 
  "V_22": 571.2449313568309, 
  "V_23": 454.22810104404243, 
  "V_24": 516.7383854970893, 
  "V_25": 199.54567024848123, 
  "V_26": 70.10928432518664, 
  "V_27": 24.216209396785914, 
  "V_31": 339.3999140475064, 
  "V_32": 454.22810104404243, 
  "V_33": 361.3713355505106, 
  "V_34": 411.18634022830105, 
  "V_35": 158.74521761497516, 
  "V_36": 55.8064647255044, 
  "V_37": 19.290227253023296, 
  "V_41": 386.17552394065655, 
  "V_42": 516.7383854970893, 
  "V_43": 411.18634022830105, 
  "V_44": 467.938212019623, 
  "V_45": 180.815259696911, 
  "V_46": 63.5759251432804, 
  "V_47": 21.981789057268255, 
  "V_51": 149.02845973545817, 
  "V_52": 199.54567024848123, 
  "V_53": 158.74521761497516, 
  "V_54": 180.815259696911, 
  "V_55": 69.99595376001353, 
  "V_56": 24.66302902808734, 
  "V_57": 8.55289577597602, 
  "V_61": 52.35600483756326, 
  "V_62": 70.10928432518664, 
  "V_63": 55.8064647255044, 
  "V_64": 63.5759251432804, 
  "V_65": 24.66302902808734, 
  "V_66": 8.75519354444878, 
  "V_67": 3.0544827905687555, 
  "V_71": 18.091144260454936, 
  "V_72": 24.216209396785914, 
  "V_73": 19.290227253023296, 
  "V_74": 21.981789057268255, 
  "V_75": 8.55289577597602, 
  "V_76": 3.0544827905687555, 
  "V_77": 1.1387080728602148
}