{
  "V_11": 319.5150253731521, 
  "V_12": 426.7577712260304, 
  "V_13": 339.3728995830198, 
  "V_14": 386.1691707217462, 
  "V_15": 148.96435854699237, 
  "V_16": 52.35969286346534, 
  "V_17": 18.082417865343086, 
  "V_21": 426.7577712260304, 
  "V_22": 571.2298111123146, 
  "V_23": 454.14355831645497, 
  "V_24": 516.632919261088, 
  "V_25": 199.52277334826277, 
  "V_26": 70.08925360384458, 
  "V_27": 24.210858422429997, 
  "V_31": 339.3728995830198, 
  "V_32": 454.14355831645497, 
  "V_33": 361.3976562539278, 
  "V_34": 411.193522191313, 
  "V_35": 158.7267605500177, 
  "V_36": 55.79585223435111, 
  "V_37": 19.290027333203522, 
  "V_41": 386.1691707217462, 
  "V_42": 516.632919261088, 
  "V_43": 411.193522191313, 
  "V_44": 467.95978737838595, 
  "V_45": 180.80878675698338, 
  "V_46": 63.565937686134475, 
  "V_47": 21.97589182597173, 
  "V_51": 148.96435854699237, 
  "V_52": 199.52277334826277, 
  "V_53": 158.7267605500177, 
  "V_54": 180.80878675698338, 
  "V_55": 69.96967959732957, 
  "V_56": 24.654933842589053, 
  "V_57": 8.547982332238092, 
  "V_61": 52.35969286346534, 
  "V_62": 70.08925360384458, 
  "V_63": 55.79585223435111, 
  "V_64": 63.565937686134475, 
  "V_65": 24.654933842589053, 
  "V_66": 8.75492294820417, 
  "V_67": 3.055607026720222, 
  "V_71": 18.082417865343086, 
  "V_72": 24.210858422429997, 
  "V_73": 19.290027333203522, 
  "V_74": 21.97589182597173, 
  "V_75": 8.547982332238092, 
  "V_76": 3.055607026720222, 
  "V_77": 1.1377046323982098
}