{
  "V_11": 13.193599558714872, 
  "V_12": 17.821365662431976, 
  "V_13": 12.378195521832748, 
  "V_14": 15.466325550666907, 
  "V_15": 6.198626728583168, 
  "V_16": 3.680662993372742, 
  "V_17": 1.303416363630382, 
  "V_21": 17.821365662431976, 
  "V_22": 22.572664430409763, 
  "V_23": 20.537899117126862, 
  "V_24": 22.701438616390135, 
  "V_25": 9.441984287514058, 
  "V_26": 4.532797558921217, 
  "V_27": 2.2057002908925, 
  "V_31": 12.378195521832748, 
  "V_32": 20.537899117126862, 
  "V_33": 16.388882207923572, 
  "V_34": 19.357576665098165, 
  "V_35": 8.365079215151667, 
  "V_36": 3.667925673092179, 
  "V_37": 1.7312698955243158, 
  "V_41": 15.466325550666907, 
  "V_42": 22.701438616390135, 
  "V_43": 19.357576665098165, 
  "V_44": 23.53733824295053, 
  "V_45": 10.57131422475629, 
  "V_46": 4.6059329752265015, 
  "V_47": 2.143405050350424, 
  "V_51": 6.198626728583168, 
  "V_52": 9.441984287514058, 
  "V_53": 8.365079215151667, 
  "V_54": 10.57131422475629, 
  "V_55": 4.713094101799867, 
  "V_56": 2.282373974986145, 
  "V_57": 1.035109313301981, 
  "V_61": 3.680662993372742, 
  "V_62": 4.532797558921217, 
  "V_63": 3.667925673092179, 
  "V_64": 4.6059329752265015, 
  "V_65": 2.282373974986145, 
  "V_66": 1.154709281693025, 
  "V_67": 0.506772623112869, 
  "V_71": 1.303416363630382, 
  "V_72": 2.2057002908925, 
  "V_73": 1.7312698955243158, 
  "V_74": 2.143405050350424, 
  "V_75": 1.035109313301981, 
  "V_76": 0.506772623112869, 
  "V_77": 0.26720455816395794
}