{
  "V_11": 2.66793806727786, 
  "V_12": 9.261768843716279, 
  "V_13": 10.82703361400546, 
  "V_14": 17.448820822066892, 
  "V_15": 10.072937791404081, 
  "V_16": 4.025054784468117, 
  "V_17": 1.6857807591403198, 
  "V_21": 9.261768843716279, 
  "V_22": 23.00104793279421, 
  "V_23": 26.065802121623253, 
  "V_24": 40.33393252353549, 
  "V_25": 22.15009429673204, 
  "V_26": 8.937797559721863, 
  "V_27": 3.5134130054150523, 
  "V_31": 10.82703361400546, 
  "V_32": 26.065802121623253, 
  "V_33": 28.590476801669706, 
  "V_34": 43.769184796817925, 
  "V_35": 24.087360624880446, 
  "V_36": 9.483899445331339, 
  "V_37": 3.8258355843211644, 
  "V_41": 17.448820822066892, 
  "V_42": 40.33393252353549, 
  "V_43": 43.769184796817925, 
  "V_44": 66.76291329457555, 
  "V_45": 36.61502980917986, 
  "V_46": 14.421867128474329, 
  "V_47": 5.802837412189086, 
  "V_51": 10.072937791404081, 
  "V_52": 22.15009429673204, 
  "V_53": 24.087360624880446, 
  "V_54": 36.61502980917986, 
  "V_55": 20.10477710409557, 
  "V_56": 7.819062333646431, 
  "V_57": 3.218133973476612, 
  "V_61": 4.025054784468117, 
  "V_62": 8.937797559721863, 
  "V_63": 9.483899445331339, 
  "V_64": 14.421867128474329, 
  "V_65": 7.819062333646431, 
  "V_66": 3.0768639651206384, 
  "V_67": 1.251707824167672, 
  "V_71": 1.6857807591403198, 
  "V_72": 3.5134130054150523, 
  "V_73": 3.8258355843211644, 
  "V_74": 5.802837412189086, 
  "V_75": 3.218133973476612, 
  "V_76": 1.251707824167672, 
  "V_77": 0.515798679486564
}