{
  "V_11": 17.450240614740647, 
  "V_12": 31.074745468755808, 
  "V_13": 28.898085991745813, 
  "V_14": 36.800161710604705, 
  "V_15": 15.44889850588919, 
  "V_16": 5.644196979858519, 
  "V_17": 2.0753251806454296, 
  "V_21": 31.074745468755808, 
  "V_22": 54.77021153686684, 
  "V_23": 51.26464674580615, 
  "V_24": 65.22566895859089, 
  "V_25": 27.37049684926155, 
  "V_26": 9.974791570864348, 
  "V_27": 3.6776213747369164, 
  "V_31": 28.898085991745813, 
  "V_32": 51.26464674580615, 
  "V_33": 47.52960540316477, 
  "V_34": 60.860871095269374, 
  "V_35": 25.438293697820814, 
  "V_36": 9.270510147216102, 
  "V_37": 3.4286895400736443, 
  "V_41": 36.800161710604705, 
  "V_42": 65.22566895859089, 
  "V_43": 60.860871095269374, 
  "V_44": 77.6895783172758, 
  "V_45": 32.50919600310122, 
  "V_46": 11.858458680103286, 
  "V_47": 4.370203079813605, 
  "V_51": 15.44889850588919, 
  "V_52": 27.37049684926155, 
  "V_53": 25.438293697820814, 
  "V_54": 32.50919600310122, 
  "V_55": 13.632931276970506, 
  "V_56": 4.988135326018444, 
  "V_57": 1.8321521939269343, 
  "V_61": 5.644196979858519, 
  "V_62": 9.974791570864348, 
  "V_63": 9.270510147216102, 
  "V_64": 11.858458680103286, 
  "V_65": 4.988135326018444, 
  "V_66": 1.822431260140598, 
  "V_67": 0.6716392768254361, 
  "V_71": 2.0753251806454296, 
  "V_72": 3.6776213747369164, 
  "V_73": 3.4286895400736443, 
  "V_74": 4.370203079813605, 
  "V_75": 1.8321521939269343, 
  "V_76": 0.6716392768254361, 
  "V_77": 0.29037634242615495
}