{
  "V_11": 2.4511642762010344, 
  "V_12": 4.65340441547003, 
  "V_13": 4.010915094534145, 
  "V_14": 5.323006101452536, 
  "V_15": 2.1442946744881595, 
  "V_16": 0.7992503445511093, 
  "V_17": 0.3575366463351868, 
  "V_21": 4.65340441547003, 
  "V_22": 7.4029537849048985, 
  "V_23": 7.566343079626873, 
  "V_24": 9.359038837381057, 
  "V_25": 3.9095622953562565, 
  "V_26": 1.3980624654392402, 
  "V_27": 0.6497581306342814, 
  "V_31": 4.010915094534145, 
  "V_32": 7.566343079626873, 
  "V_33": 6.901805906226712, 
  "V_34": 8.632020281628188, 
  "V_35": 3.6117447455721767, 
  "V_36": 1.3661569317253657, 
  "V_37": 0.6086849537817521, 
  "V_41": 5.323006101452536, 
  "V_42": 9.359038837381057, 
  "V_43": 8.632020281628188, 
  "V_44": 11.021355324950642, 
  "V_45": 4.587745139447997, 
  "V_46": 1.66284384964335, 
  "V_47": 0.7255290453855913, 
  "V_51": 2.1442946744881595, 
  "V_52": 3.9095622953562565, 
  "V_53": 3.6117447455721767, 
  "V_54": 4.587745139447997, 
  "V_55": 1.877656768430146, 
  "V_56": 0.6559509848678328, 
  "V_57": 0.3093689900529115, 
  "V_61": 0.7992503445511093, 
  "V_62": 1.3980624654392402, 
  "V_63": 1.3661569317253657, 
  "V_64": 1.66284384964335, 
  "V_65": 0.6559509848678328, 
  "V_66": 0.26146690892036406, 
  "V_67": 0.1071898842582383, 
  "V_71": 0.3575366463351868, 
  "V_72": 0.6497581306342814, 
  "V_73": 0.6086849537817521, 
  "V_74": 0.7255290453855913, 
  "V_75": 0.3093689900529115, 
  "V_76": 0.1071898842582383, 
  "V_77": 0.049989636496472735
}