{
  "V_11": 85.52271982869233, 
  "V_12": 151.8401254441982, 
  "V_13": 142.95040920717258, 
  "V_14": 184.9447675100717, 
  "V_15": 78.98470107757464, 
  "V_16": 29.56496142897262, 
  "V_17": 10.241947472891527, 
  "V_21": 151.8401254441982, 
  "V_22": 265.5518697035093, 
  "V_23": 250.25344412759546, 
  "V_24": 324.68402878793285, 
  "V_25": 138.6897388174885, 
  "V_26": 51.63742324363677, 
  "V_27": 17.904407811759622, 
  "V_31": 142.95040920717258, 
  "V_32": 250.25344412759546, 
  "V_33": 235.058956215902, 
  "V_34": 305.1946855856201, 
  "V_35": 130.7869087083409, 
  "V_36": 48.49551586797633, 
  "V_37": 16.744641891308206, 
  "V_41": 184.9447675100717, 
  "V_42": 324.68402878793285, 
  "V_43": 305.1946855856201, 
  "V_44": 396.0160184665674, 
  "V_45": 169.5871233218906, 
  "V_46": 62.85173324649247, 
  "V_47": 21.65058255873555, 
  "V_51": 78.98470107757464, 
  "V_52": 138.6897388174885, 
  "V_53": 130.7869087083409, 
  "V_54": 169.5871233218906, 
  "V_55": 72.52286320969549, 
  "V_56": 26.766934570797023, 
  "V_57": 9.147905910594552, 
  "V_61": 29.56496142897262, 
  "V_62": 51.63742324363677, 
  "V_63": 48.49551586797633, 
  "V_64": 62.85173324649247, 
  "V_65": 26.766934570797023, 
  "V_66": 9.867753492846619, 
  "V_67": 3.323787511648139, 
  "V_71": 10.241947472891527, 
  "V_72": 17.904407811759622, 
  "V_73": 16.744641891308206, 
  "V_74": 21.65058255873555, 
  "V_75": 9.147905910594552, 
  "V_76": 3.323787511648139, 
  "V_77": 1.1085236871443254
}