{
  "V_11": 647.4624721235351, 
  "V_12": 868.3508582533118, 
  "V_13": 694.9003790994384, 
  "V_14": 798.1571821402664, 
  "V_15": 311.0050495586179, 
  "V_16": 110.01227584164396, 
  "V_17": 37.54845013618795, 
  "V_21": 868.3508582533118, 
  "V_22": 1163.5310272363217, 
  "V_23": 931.7715284555551, 
  "V_24": 1070.353538354524, 
  "V_25": 417.1570788277632, 
  "V_26": 147.82475149927154, 
  "V_27": 50.43116378206839, 
  "V_31": 694.9003790994384, 
  "V_32": 931.7715284555551, 
  "V_33": 746.1022252354974, 
  "V_34": 857.3621357628818, 
  "V_35": 334.4101905179485, 
  "V_36": 118.49000053015502, 
  "V_37": 40.376634202606574, 
  "V_41": 798.1571821402664, 
  "V_42": 1070.353538354524, 
  "V_43": 857.3621357628818, 
  "V_44": 984.9743114869228, 
  "V_45": 384.3891746739173, 
  "V_46": 136.3720471543133, 
  "V_47": 46.514564760538065, 
  "V_51": 311.0050495586179, 
  "V_52": 417.1570788277632, 
  "V_53": 334.4101905179485, 
  "V_54": 384.3891746739173, 
  "V_55": 150.09924029980442, 
  "V_56": 53.37814019188664, 
  "V_57": 18.27208725828986, 
  "V_61": 110.01227584164396, 
  "V_62": 147.82475149927154, 
  "V_63": 118.49000053015502, 
  "V_64": 136.3720471543133, 
  "V_65": 53.37814019188664, 
  "V_66": 19.042395937689054, 
  "V_67": 6.566861390594182, 
  "V_71": 37.54845013618795, 
  "V_72": 50.43116378206839, 
  "V_73": 40.376634202606574, 
  "V_74": 46.514564760538065, 
  "V_75": 18.27208725828986, 
  "V_76": 6.566861390594182, 
  "V_77": 2.298397109100861
}