{
  "V_11": 159.8998047356527, 
  "V_12": 213.70311280675278, 
  "V_13": 169.4363332024856, 
  "V_14": 191.74573638724758, 
  "V_15": 73.36000108004016, 
  "V_16": 25.539871302720787, 
  "V_17": 10.438325014068019, 
  "V_21": 213.70311280675278, 
  "V_22": 285.4529989607571, 
  "V_23": 226.22013108541427, 
  "V_24": 256.17383402074796, 
  "V_25": 98.00965441079775, 
  "V_26": 34.0638186648562, 
  "V_27": 13.955150767357235, 
  "V_31": 169.4363332024856, 
  "V_32": 226.22013108541427, 
  "V_33": 179.39340567642, 
  "V_34": 203.01381786760382, 
  "V_35": 77.63034152418416, 
  "V_36": 27.00978535995339, 
  "V_37": 11.075872595101481, 
  "V_41": 191.74573638724758, 
  "V_42": 256.17383402074796, 
  "V_43": 203.01381786760382, 
  "V_44": 229.97259513587318, 
  "V_45": 87.95331409978259, 
  "V_46": 30.635675993311118, 
  "V_47": 12.527121834968217, 
  "V_51": 73.36000108004016, 
  "V_52": 98.00965441079775, 
  "V_53": 77.63034152418416, 
  "V_54": 87.95331409978259, 
  "V_55": 33.740112399306255, 
  "V_56": 11.748691241945808, 
  "V_57": 4.812815259706603, 
  "V_61": 25.539871302720787, 
  "V_62": 34.0638186648562, 
  "V_63": 27.00978535995339, 
  "V_64": 30.635675993311118, 
  "V_65": 11.748691241945808, 
  "V_66": 4.190643710510186, 
  "V_67": 1.6983590008456626, 
  "V_71": 10.438325014068019, 
  "V_72": 13.955150767357235, 
  "V_73": 11.075872595101481, 
  "V_74": 12.527121834968217, 
  "V_75": 4.812815259706603, 
  "V_76": 1.6983590008456626, 
  "V_77": 0.9173707647299818
}