{
  "V_11": 2.9234067808613293, 
  "V_12": 4.343881620225099, 
  "V_13": 4.281286849545377, 
  "V_14": 5.165272016364864, 
  "V_15": 2.190520727052056, 
  "V_16": 0.8221226175031143, 
  "V_17": 0.36285189189025374, 
  "V_21": 4.343881620225099, 
  "V_22": 7.7834508042323165, 
  "V_23": 7.257031677570379, 
  "V_24": 9.300519347626292, 
  "V_25": 3.8418235855989535, 
  "V_26": 1.4149514268915262, 
  "V_27": 0.5995836924517163, 
  "V_31": 4.281286849545377, 
  "V_32": 7.257031677570379, 
  "V_33": 6.922407987798822, 
  "V_34": 8.623510384075823, 
  "V_35": 3.5426406677513333, 
  "V_36": 1.3046915004907966, 
  "V_37": 0.5651797881977878, 
  "V_41": 5.165272016364864, 
  "V_42": 9.300519347626292, 
  "V_43": 8.623510384075823, 
  "V_44": 10.889348412841768, 
  "V_45": 4.48862718011731, 
  "V_46": 1.6530499886479575, 
  "V_47": 0.7033183663879795, 
  "V_51": 2.190520727052056, 
  "V_52": 3.8418235855989535, 
  "V_53": 3.5426406677513333, 
  "V_54": 4.48862718011731, 
  "V_55": 1.8795185645133277, 
  "V_56": 0.6628297166963903, 
  "V_57": 0.2718492172175594, 
  "V_61": 0.8221226175031143, 
  "V_62": 1.4149514268915262, 
  "V_63": 1.3046915004907966, 
  "V_64": 1.6530499886479575, 
  "V_65": 0.6628297166963903, 
  "V_66": 0.24575420252912974, 
  "V_67": 0.09262780357931936, 
  "V_71": 0.36285189189025374, 
  "V_72": 0.5995836924517163, 
  "V_73": 0.5651797881977878, 
  "V_74": 0.7033183663879795, 
  "V_75": 0.2718492172175594, 
  "V_76": 0.09262780357931936, 
  "V_77": 0.0384532742698873
}