{
  "V_11": 65.83868212339901, 
  "V_12": 117.14217828645064, 
  "V_13": 109.62438907359817, 
  "V_14": 140.75760811566784, 
  "V_15": 59.51843723997991, 
  "V_16": 21.897790491859247, 
  "V_17": 7.477220475943917, 
  "V_21": 117.14217828645064, 
  "V_22": 207.1564151069001, 
  "V_23": 193.46949822886452, 
  "V_24": 248.58742752776686, 
  "V_25": 105.07307625816834, 
  "V_26": 38.59008646053331, 
  "V_27": 13.291968455471244, 
  "V_31": 109.62438907359817, 
  "V_32": 193.46949822886452, 
  "V_33": 180.9882960548435, 
  "V_34": 232.44736166908746, 
  "V_35": 98.16411200495787, 
  "V_36": 36.02129458877656, 
  "V_37": 12.409753808491407, 
  "V_41": 140.75760811566784, 
  "V_42": 248.58742752776686, 
  "V_43": 232.44736166908746, 
  "V_44": 298.87232088191763, 
  "V_45": 126.23197733473317, 
  "V_46": 46.32268245604455, 
  "V_47": 15.997479779726735, 
  "V_51": 59.51843723997991, 
  "V_52": 105.07307625816834, 
  "V_53": 98.16411200495787, 
  "V_54": 126.23197733473317, 
  "V_55": 53.42508320050924, 
  "V_56": 19.581507323346937, 
  "V_57": 6.752865970053412, 
  "V_61": 21.897790491859247, 
  "V_62": 38.59008646053331, 
  "V_63": 36.02129458877656, 
  "V_64": 46.32268245604455, 
  "V_65": 19.581507323346937, 
  "V_66": 7.2161361917680535, 
  "V_67": 2.486482113035779, 
  "V_71": 7.477220475943917, 
  "V_72": 13.291968455471244, 
  "V_73": 12.409753808491407, 
  "V_74": 15.997479779726735, 
  "V_75": 6.752865970053412, 
  "V_76": 2.486482113035779, 
  "V_77": 0.8755361751916508
}