{
  "V_11": 416.79373117425126, 
  "V_12": 559.1039697737538, 
  "V_13": 447.9406217370569, 
  "V_14": 514.4981730580812, 
  "V_15": 200.06592766881008, 
  "V_16": 70.29544385293715, 
  "V_17": 23.52773710705871, 
  "V_21": 559.1039697737538, 
  "V_22": 749.4816813078991, 
  "V_23": 600.0129143638236, 
  "V_24": 689.4525446861908, 
  "V_25": 268.25364256310843, 
  "V_26": 94.02219040284126, 
  "V_27": 31.52666023127295, 
  "V_31": 447.9406217370569, 
  "V_32": 600.0129143638236, 
  "V_33": 480.6879077331589, 
  "V_34": 552.3880914084633, 
  "V_35": 214.77064249613233, 
  "V_36": 75.3605159289909, 
  "V_37": 25.26523574461765, 
  "V_41": 514.4981730580812, 
  "V_42": 689.4525446861908, 
  "V_43": 552.3880914084633, 
  "V_44": 634.716422175719, 
  "V_45": 246.7997493322048, 
  "V_46": 86.68127176925172, 
  "V_47": 29.096150899810652, 
  "V_51": 200.06592766881008, 
  "V_52": 268.25364256310843, 
  "V_53": 214.77064249613233, 
  "V_54": 246.7997493322048, 
  "V_55": 96.01757061913796, 
  "V_56": 33.750914818373836, 
  "V_57": 11.273712937393777, 
  "V_61": 70.29544385293715, 
  "V_62": 94.02219040284126, 
  "V_63": 75.3605159289909, 
  "V_64": 86.68127176925172, 
  "V_65": 33.750914818373836, 
  "V_66": 11.88348599560853, 
  "V_67": 3.9896534766759517, 
  "V_71": 23.52773710705871, 
  "V_72": 31.52666023127295, 
  "V_73": 25.26523574461765, 
  "V_74": 29.096150899810652, 
  "V_75": 11.273712937393777, 
  "V_76": 3.9896534766759517, 
  "V_77": 1.3425745889958793
}