{
  "V_11": 64.65270621072614, 
  "V_12": 86.26180679372838, 
  "V_13": 68.23662897594467, 
  "V_14": 77.06838225187416, 
  "V_15": 29.437236361335763, 
  "V_16": 10.627017175787293, 
  "V_17": 5.513258566267653, 
  "V_21": 86.26180679372838, 
  "V_22": 115.09713564632209, 
  "V_23": 91.06486879773706, 
  "V_24": 102.86721304797535, 
  "V_25": 39.29379042610838, 
  "V_26": 14.164370400799195, 
  "V_27": 7.35390027960825, 
  "V_31": 68.23662897594467, 
  "V_32": 91.06486879773706, 
  "V_33": 72.1141499663746, 
  "V_34": 81.46106545309874, 
  "V_35": 31.108008108634966, 
  "V_36": 11.22333274458119, 
  "V_37": 5.8173123781079425, 
  "V_41": 77.06838225187416, 
  "V_42": 102.86721304797535, 
  "V_43": 81.46106545309874, 
  "V_44": 92.14700931195173, 
  "V_45": 35.19417888233546, 
  "V_46": 12.697628949310648, 
  "V_47": 6.583429477165297, 
  "V_51": 29.437236361335763, 
  "V_52": 39.29379042610838, 
  "V_53": 31.108008108634966, 
  "V_54": 35.19417888233546, 
  "V_55": 13.517688106181462, 
  "V_56": 4.882661885248315, 
  "V_57": 2.528344957410731, 
  "V_61": 10.627017175787293, 
  "V_62": 14.164370400799195, 
  "V_63": 11.22333274458119, 
  "V_64": 12.697628949310648, 
  "V_65": 4.882661885248315, 
  "V_66": 1.9533865136760793, 
  "V_67": 0.9242357332536668, 
  "V_71": 5.513258566267653, 
  "V_72": 7.35390027960825, 
  "V_73": 5.8173123781079425, 
  "V_74": 6.583429477165297, 
  "V_75": 2.528344957410731, 
  "V_76": 0.9242357332536668, 
  "V_77": 0.7160506866957552
}