{
  "V_11": 2.7936468143675133, 
  "V_12": 4.43583678741397, 
  "V_13": 4.226500594024594, 
  "V_14": 5.263334856554397, 
  "V_15": 2.209783669297756, 
  "V_16": 0.8249009341574634, 
  "V_17": 0.3635624124580665, 
  "V_21": 4.43583678741397, 
  "V_22": 7.972664608953623, 
  "V_23": 7.337378733123361, 
  "V_24": 9.309822576391342, 
  "V_25": 3.8415122087899136, 
  "V_26": 1.4158480949222996, 
  "V_27": 0.6087777577419282, 
  "V_31": 4.226500594024594, 
  "V_32": 7.337378733123361, 
  "V_33": 6.90980554745126, 
  "V_34": 8.617410622399474, 
  "V_35": 3.56830072885519, 
  "V_36": 1.2972651110798983, 
  "V_37": 0.5698977329535094, 
  "V_41": 5.263334856554397, 
  "V_42": 9.309822576391342, 
  "V_43": 8.617410622399474, 
  "V_44": 10.90266668510742, 
  "V_45": 4.485726699701432, 
  "V_46": 1.64940816133166, 
  "V_47": 0.7001454455187118, 
  "V_51": 2.209783669297756, 
  "V_52": 3.8415122087899136, 
  "V_53": 3.56830072885519, 
  "V_54": 4.485726699701432, 
  "V_55": 1.866403145832118, 
  "V_56": 0.6620456608905164, 
  "V_57": 0.27362967246996067, 
  "V_61": 0.8249009341574634, 
  "V_62": 1.4158480949222996, 
  "V_63": 1.2972651110798983, 
  "V_64": 1.64940816133166, 
  "V_65": 0.6620456608905164, 
  "V_66": 0.24510951398680633, 
  "V_67": 0.09112404880506711, 
  "V_71": 0.3635624124580665, 
  "V_72": 0.6087777577419282, 
  "V_73": 0.5698977329535094, 
  "V_74": 0.7001454455187118, 
  "V_75": 0.27362967246996067, 
  "V_76": 0.09112404880506711, 
  "V_77": 0.04067019603748255
}