{
  "V_11": 86.79951666526252, 
  "V_12": 152.6330557818897, 
  "V_13": 143.37825517263644, 
  "V_14": 186.81795059195375, 
  "V_15": 79.99607298986935, 
  "V_16": 29.680515332710137, 
  "V_17": 10.361304030630565, 
  "V_21": 152.6330557818897, 
  "V_22": 269.3267469414999, 
  "V_23": 252.61249369982002, 
  "V_24": 328.43246926688255, 
  "V_25": 140.84121792576778, 
  "V_26": 52.36713567317196, 
  "V_27": 18.25180697489273, 
  "V_31": 143.37825517263644, 
  "V_32": 252.61249369982002, 
  "V_33": 237.17454240499146, 
  "V_34": 308.40785525438224, 
  "V_35": 132.21760067008748, 
  "V_36": 49.288548887166016, 
  "V_37": 17.159728855251313, 
  "V_41": 186.81795059195375, 
  "V_42": 328.43246926688255, 
  "V_43": 308.40785525438224, 
  "V_44": 400.42046417413025, 
  "V_45": 171.86241136341815, 
  "V_46": 63.94473760280653, 
  "V_47": 22.28849165656727, 
  "V_51": 79.99607298986935, 
  "V_52": 140.84121792576778, 
  "V_53": 132.21760067008748, 
  "V_54": 171.86241136341815, 
  "V_55": 73.78324634388407, 
  "V_56": 27.500233094151028, 
  "V_57": 9.567295260572285, 
  "V_61": 29.680515332710137, 
  "V_62": 52.36713567317196, 
  "V_63": 49.288548887166016, 
  "V_64": 63.94473760280653, 
  "V_65": 27.500233094151028, 
  "V_66": 10.225159899352299, 
  "V_67": 3.5772470984018088, 
  "V_71": 10.361304030630565, 
  "V_72": 18.25180697489273, 
  "V_73": 17.159728855251313, 
  "V_74": 22.28849165656727, 
  "V_75": 9.567295260572285, 
  "V_76": 3.5772470984018088, 
  "V_77": 1.251761351348559
}