{
  "V_11": 84.04610719769174, 
  "V_12": 132.72534336553574, 
  "V_13": 123.99565884947486, 
  "V_14": 159.88950781895585, 
  "V_15": 67.50440727572347, 
  "V_16": 24.960494341850254, 
  "V_17": 8.517301399223086, 
  "V_21": 132.72534336553574, 
  "V_22": 204.79650950172217, 
  "V_23": 192.1625123282385, 
  "V_24": 246.71826328119877, 
  "V_25": 104.42872579189077, 
  "V_26": 38.26061278720303, 
  "V_27": 13.068360532814012, 
  "V_31": 123.99565884947486, 
  "V_32": 192.1625123282385, 
  "V_33": 179.20896370370124, 
  "V_34": 230.16474965434935, 
  "V_35": 97.37511389968203, 
  "V_36": 35.576829774802675, 
  "V_37": 12.166040875729484, 
  "V_41": 159.88950781895585, 
  "V_42": 246.71826328119877, 
  "V_43": 230.16474965434935, 
  "V_44": 296.0406857066576, 
  "V_45": 124.90396995967379, 
  "V_46": 45.68241901051837, 
  "V_47": 15.603157554190664, 
  "V_51": 67.50440727572347, 
  "V_52": 104.42872579189077, 
  "V_53": 97.37511389968203, 
  "V_54": 124.90396995967379, 
  "V_55": 52.6638212718756, 
  "V_56": 19.248559190425716, 
  "V_57": 6.520161561347471, 
  "V_61": 24.960494341850254, 
  "V_62": 38.26061278720303, 
  "V_63": 35.576829774802675, 
  "V_64": 45.68241901051837, 
  "V_65": 19.248559190425716, 
  "V_66": 6.976642245434329, 
  "V_67": 2.346249973248619, 
  "V_71": 8.517301399223086, 
  "V_72": 13.068360532814012, 
  "V_73": 12.166040875729484, 
  "V_74": 15.603157554190664, 
  "V_75": 6.520161561347471, 
  "V_76": 2.346249973248619, 
  "V_77": 0.7735737729519183
}