{
  "V_11": 255.3187796698858, 
  "V_12": 340.55461096117983, 
  "V_13": 273.3696136571048, 
  "V_14": 315.0552458040648, 
  "V_15": 123.06641683597782, 
  "V_16": 43.48862653752949, 
  "V_17": 14.617633251592922, 
  "V_21": 340.55461096117983, 
  "V_22": 456.558674718531, 
  "V_23": 366.12822841639183, 
  "V_24": 421.5928296386529, 
  "V_25": 164.89783475588644, 
  "V_26": 58.20713052269154, 
  "V_27": 19.511782645283766, 
  "V_31": 273.3696136571048, 
  "V_32": 366.12822841639183, 
  "V_33": 294.37571682922896, 
  "V_34": 338.7430672230962, 
  "V_35": 132.47996555992862, 
  "V_36": 46.792460462127856, 
  "V_37": 15.667269727958486, 
  "V_41": 315.0552458040648, 
  "V_42": 421.5928296386529, 
  "V_43": 338.7430672230962, 
  "V_44": 390.51303852182, 
  "V_45": 152.5739704752326, 
  "V_46": 53.80778029476757, 
  "V_47": 18.088583930857936, 
  "V_51": 123.06641683597782, 
  "V_52": 164.89783475588644, 
  "V_53": 132.47996555992862, 
  "V_54": 152.5739704752326, 
  "V_55": 59.615845290219184, 
  "V_56": 20.99430634605619, 
  "V_57": 7.0686646480838515, 
  "V_61": 43.48862653752949, 
  "V_62": 58.20713052269154, 
  "V_63": 46.792460462127856, 
  "V_64": 53.80778029476757, 
  "V_65": 20.99430634605619, 
  "V_66": 7.434020977331926, 
  "V_67": 2.4981294915449155, 
  "V_71": 14.617633251592922, 
  "V_72": 19.511782645283766, 
  "V_73": 15.667269727958486, 
  "V_74": 18.088583930857936, 
  "V_75": 7.0686646480838515, 
  "V_76": 2.4981294915449155, 
  "V_77": 0.8495989893122825
}