{
  "V_11": 457.70222150146816, 
  "V_12": 619.7446273716537, 
  "V_13": 510.91586267907974, 
  "V_14": 618.8891490365202, 
  "V_15": 262.54071025953016, 
  "V_16": 101.4177289935028, 
  "V_17": 37.62853784750761, 
  "V_21": 619.7446273716537, 
  "V_22": 839.9472475813458, 
  "V_23": 692.1817589991718, 
  "V_24": 838.8441986694718, 
  "V_25": 355.8379106755487, 
  "V_26": 137.50773431615173, 
  "V_27": 51.06488292805279, 
  "V_31": 510.91586267907974, 
  "V_32": 692.1817589991718, 
  "V_33": 570.4815637466116, 
  "V_34": 691.3861575403886, 
  "V_35": 293.33598200653375, 
  "V_36": 113.35516720076318, 
  "V_37": 42.11278297893154, 
  "V_41": 618.8891490365202, 
  "V_42": 838.8441986694718, 
  "V_43": 691.3861575403886, 
  "V_44": 838.1327323026279, 
  "V_45": 355.781312722377, 
  "V_46": 137.5295106274689, 
  "V_47": 51.11909958790344, 
  "V_51": 262.54071025953016, 
  "V_52": 355.8379106755487, 
  "V_53": 293.33598200653375, 
  "V_54": 355.781312722377, 
  "V_55": 151.17632827688738, 
  "V_56": 58.484266423521106, 
  "V_57": 21.775427697956168, 
  "V_61": 101.4177289935028, 
  "V_62": 137.50773431615173, 
  "V_63": 113.35516720076318, 
  "V_64": 137.5295106274689, 
  "V_65": 58.484266423521106, 
  "V_66": 22.718781105734816, 
  "V_67": 8.48783498426018, 
  "V_71": 37.62853784750761, 
  "V_72": 51.06488292805279, 
  "V_73": 42.11278297893154, 
  "V_74": 51.11909958790344, 
  "V_75": 21.775427697956168, 
  "V_76": 8.48783498426018, 
  "V_77": 3.2230903900555186
}