{
  "V_11": 66.48809493518672, 
  "V_12": 117.16025153078122, 
  "V_13": 109.52606275575485, 
  "V_14": 140.82107752309506, 
  "V_15": 59.494717578015056, 
  "V_16": 21.83703109816645, 
  "V_17": 7.532757262965941, 
  "V_21": 117.16025153078122, 
  "V_22": 207.05953405710233, 
  "V_23": 193.3749207771153, 
  "V_24": 248.50012020664116, 
  "V_25": 105.17550491408136, 
  "V_26": 38.55813995732379, 
  "V_27": 13.298657599753309, 
  "V_31": 109.52606275575485, 
  "V_32": 193.3749207771153, 
  "V_33": 180.8880738752288, 
  "V_34": 232.35500801540698, 
  "V_35": 98.25483011960536, 
  "V_36": 36.029941945588426, 
  "V_37": 12.43124417842434, 
  "V_41": 140.82107752309506, 
  "V_42": 248.50012020664116, 
  "V_43": 232.35500801540698, 
  "V_44": 298.6500985391362, 
  "V_45": 126.30983401432553, 
  "V_46": 46.290606111425866, 
  "V_47": 15.962275834049452, 
  "V_51": 59.494717578015056, 
  "V_52": 105.17550491408136, 
  "V_53": 98.25483011960536, 
  "V_54": 126.30983401432553, 
  "V_55": 53.4751194193281, 
  "V_56": 19.59667152539913, 
  "V_57": 6.745129784459555, 
  "V_61": 21.83703109816645, 
  "V_62": 38.55813995732379, 
  "V_63": 36.029941945588426, 
  "V_64": 46.290606111425866, 
  "V_65": 19.59667152539913, 
  "V_66": 7.212245431139156, 
  "V_67": 2.4862041079868757, 
  "V_71": 7.532757262965941, 
  "V_72": 13.298657599753309, 
  "V_73": 12.43124417842434, 
  "V_74": 15.962275834049452, 
  "V_75": 6.745129784459555, 
  "V_76": 2.4862041079868757, 
  "V_77": 0.8723360381008353
}