{
  "V_11": 150.5454235913193, 
  "V_12": 261.8146095492871, 
  "V_13": 253.1045511213068, 
  "V_14": 348.94316406196555, 
  "V_15": 164.32854227472146, 
  "V_16": 67.20191401482371, 
  "V_17": 25.623959018592487, 
  "V_21": 261.8146095492871, 
  "V_22": 452.2377110820195, 
  "V_23": 437.24033660939324, 
  "V_24": 603.6148627471877, 
  "V_25": 284.01294040589823, 
  "V_26": 116.22876919072746, 
  "V_27": 44.237506932614515, 
  "V_31": 253.1045511213068, 
  "V_32": 437.24033660939324, 
  "V_33": 422.4832557802782, 
  "V_34": 582.9319285013478, 
  "V_35": 274.2212605497633, 
  "V_36": 112.07523800718727, 
  "V_37": 42.660866971378, 
  "V_41": 348.94316406196555, 
  "V_42": 603.6148627471877, 
  "V_43": 582.9319285013478, 
  "V_44": 804.1485959060224, 
  "V_45": 378.29037840319285, 
  "V_46": 154.4725057751071, 
  "V_47": 58.65892034654782, 
  "V_51": 164.32854227472146, 
  "V_52": 284.01294040589823, 
  "V_53": 274.2212605497633, 
  "V_54": 378.29037840319285, 
  "V_55": 177.9644522369701, 
  "V_56": 72.52963852881042, 
  "V_57": 27.487175425213763, 
  "V_61": 67.20191401482371, 
  "V_62": 116.22876919072746, 
  "V_63": 112.07523800718727, 
  "V_64": 154.4725057751071, 
  "V_65": 72.52963852881042, 
  "V_66": 29.455575624088027, 
  "V_67": 11.113771676186559, 
  "V_71": 25.623959018592487, 
  "V_72": 44.237506932614515, 
  "V_73": 42.660866971378, 
  "V_74": 58.65892034654782, 
  "V_75": 27.487175425213763, 
  "V_76": 11.113771676186559, 
  "V_77": 4.142743441325015
}