{
  "V_11": 95.80929371732809, 
  "V_12": 129.4727914663567, 
  "V_13": 106.23749264861034, 
  "V_14": 128.030896359452, 
  "V_15": 54.026397056426426, 
  "V_16": 20.848355543478718, 
  "V_17": 8.480823459378154, 
  "V_21": 129.4727914663567, 
  "V_22": 175.17351261759572, 
  "V_23": 143.80897726367212, 
  "V_24": 173.31574780844505, 
  "V_25": 73.19789768655326, 
  "V_26": 28.233097027175646, 
  "V_27": 11.49378450447783, 
  "V_31": 106.23749264861034, 
  "V_32": 143.80897726367212, 
  "V_33": 118.0733439178426, 
  "V_34": 142.35788338988277, 
  "V_35": 60.094207902890176, 
  "V_36": 23.204267387917156, 
  "V_37": 9.454457114579721, 
  "V_41": 128.030896359452, 
  "V_42": 173.31574780844505, 
  "V_43": 142.35788338988277, 
  "V_44": 171.73229597428715, 
  "V_45": 72.57148064562905, 
  "V_46": 28.014108601979427, 
  "V_47": 11.427566846232414, 
  "V_51": 54.026397056426426, 
  "V_52": 73.19789768655326, 
  "V_53": 60.094207902890176, 
  "V_54": 72.57148064562905, 
  "V_55": 30.757374416320875, 
  "V_56": 11.90166365103173, 
  "V_57": 4.867600114099035, 
  "V_61": 20.848355543478718, 
  "V_62": 28.233097027175646, 
  "V_63": 23.204267387917156, 
  "V_64": 28.014108601979427, 
  "V_65": 11.90166365103173, 
  "V_66": 4.6887508003936995, 
  "V_67": 1.9166040370655852, 
  "V_71": 8.480823459378154, 
  "V_72": 11.49378450447783, 
  "V_73": 9.454457114579721, 
  "V_74": 11.427566846232414, 
  "V_75": 4.867600114099035, 
  "V_76": 1.9166040370655852, 
  "V_77": 0.9331936595458618
}