{
  "V_11": 65.08770373377614, 
  "V_12": 86.77679932163467, 
  "V_13": 68.75453635054208, 
  "V_14": 77.82488455164513, 
  "V_15": 29.87110147275103, 
  "V_16": 10.686556372611276, 
  "V_17": 4.760302628636314, 
  "V_21": 86.77679932163467, 
  "V_22": 115.96425978423743, 
  "V_23": 91.85787921866618, 
  "V_24": 103.96559752223187, 
  "V_25": 39.9227135363905, 
  "V_26": 14.29237082722762, 
  "V_27": 6.382964786980198, 
  "V_31": 68.75453635054208, 
  "V_32": 91.85787921866618, 
  "V_33": 72.79889324015686, 
  "V_34": 82.45306353099609, 
  "V_35": 31.65962305466365, 
  "V_36": 11.341911366801346, 
  "V_37": 5.064619011887362, 
  "V_41": 77.82488455164513, 
  "V_42": 103.96559752223187, 
  "V_43": 82.45306353099609, 
  "V_44": 93.47803181344557, 
  "V_45": 35.94640359509081, 
  "V_46": 12.88431340697184, 
  "V_47": 5.769061079903896, 
  "V_51": 29.87110147275103, 
  "V_52": 39.9227135363905, 
  "V_53": 31.65962305466365, 
  "V_54": 35.94640359509081, 
  "V_55": 13.900631561755608, 
  "V_56": 4.997619725423863, 
  "V_57": 2.25105359927604, 
  "V_61": 10.686556372611276, 
  "V_62": 14.29237082722762, 
  "V_63": 11.341911366801346, 
  "V_64": 12.88431340697184, 
  "V_65": 4.997619725423863, 
  "V_66": 1.9241126516678426, 
  "V_67": 0.8301336407117855, 
  "V_71": 4.760302628636314, 
  "V_72": 6.382964786980198, 
  "V_73": 5.064619011887362, 
  "V_74": 5.769061079903896, 
  "V_75": 2.25105359927604, 
  "V_76": 0.8301336407117855, 
  "V_77": 0.5092286219097323
}