{
  "V_11": 517.0971969325747, 
  "V_12": 590.7420556148614, 
  "V_13": 490.6878288265518, 
  "V_14": 603.7903227009235, 
  "V_15": 261.2288820570167, 
  "V_16": 103.08240033621091, 
  "V_17": 39.03709967788573, 
  "V_21": 590.7420556148614, 
  "V_22": 665.7752933066821, 
  "V_23": 558.9050984370463, 
  "V_24": 686.5638922115216, 
  "V_25": 297.9619611022308, 
  "V_26": 117.40227236015681, 
  "V_27": 44.57708258872226, 
  "V_31": 490.6878288265518, 
  "V_32": 558.9050984370463, 
  "V_33": 467.2845917230517, 
  "V_34": 574.1066308535676, 
  "V_35": 248.1315458114718, 
  "V_36": 98.22804646349557, 
  "V_37": 37.30837696583778, 
  "V_41": 603.7903227009235, 
  "V_42": 686.5638922115216, 
  "V_43": 574.1066308535676, 
  "V_44": 706.5200162641205, 
  "V_45": 306.7612016160271, 
  "V_46": 121.02095801269006, 
  "V_47": 45.96254830049271, 
  "V_51": 261.2288820570167, 
  "V_52": 297.9619611022308, 
  "V_53": 248.1315458114718, 
  "V_54": 306.7612016160271, 
  "V_55": 133.15171500345986, 
  "V_56": 52.82403516014253, 
  "V_57": 20.283318293961543, 
  "V_61": 103.08240033621091, 
  "V_62": 117.40227236015681, 
  "V_63": 98.22804646349557, 
  "V_64": 121.02095801269006, 
  "V_65": 52.82403516014253, 
  "V_66": 20.99787671219028, 
  "V_67": 8.15438690420171, 
  "V_71": 39.03709967788573, 
  "V_72": 44.57708258872226, 
  "V_73": 37.30837696583778, 
  "V_74": 45.96254830049271, 
  "V_75": 20.283318293961543, 
  "V_76": 8.15438690420171, 
  "V_77": 3.2320181311878677
}