{
  "V_11": 11.373117921896421, 
  "V_12": 16.787481289934433, 
  "V_13": 13.202406846051614, 
  "V_14": 15.607926979074213, 
  "V_15": 6.798031846194688, 
  "V_16": 2.794809730751329, 
  "V_17": 1.2800463428062738, 
  "V_21": 16.787481289934433, 
  "V_22": 23.875132321778647, 
  "V_23": 19.513500949876416, 
  "V_24": 23.23707322825612, 
  "V_25": 10.229593632545022, 
  "V_26": 4.322951305917647, 
  "V_27": 2.0021745848747248, 
  "V_31": 13.202406846051614, 
  "V_32": 19.513500949876416, 
  "V_33": 16.28206599013341, 
  "V_34": 18.87253516175496, 
  "V_35": 8.389493808388506, 
  "V_36": 3.656718302163631, 
  "V_37": 1.6438138267275846, 
  "V_41": 15.607926979074213, 
  "V_42": 23.23707322825612, 
  "V_43": 18.87253516175496, 
  "V_44": 22.68555547532569, 
  "V_45": 10.324109097876418, 
  "V_46": 4.582477989025922, 
  "V_47": 2.0644825941359586, 
  "V_51": 6.798031846194688, 
  "V_52": 10.229593632545022, 
  "V_53": 8.389493808388506, 
  "V_54": 10.324109097876418, 
  "V_55": 4.755974068934876, 
  "V_56": 2.209380302662007, 
  "V_57": 1.0253700976830977, 
  "V_61": 2.794809730751329, 
  "V_62": 4.322951305917647, 
  "V_63": 3.656718302163631, 
  "V_64": 4.582477989025922, 
  "V_65": 2.209380302662007, 
  "V_66": 0.9959862334233, 
  "V_67": 0.5035182879168302, 
  "V_71": 1.2800463428062738, 
  "V_72": 2.0021745848747248, 
  "V_73": 1.6438138267275846, 
  "V_74": 2.0644825941359586, 
  "V_75": 1.0253700976830977, 
  "V_76": 0.5035182879168302, 
  "V_77": 0.25841163678553086
}