{
  "V_11": 423.4853523212679, 
  "V_12": 566.7408003667592, 
  "V_13": 453.67633274952703, 
  "V_14": 523.9364353440321, 
  "V_15": 205.07864883589627, 
  "V_16": 72.960304745592, 
  "V_17": 25.15115692692586, 
  "V_21": 566.7408003667592, 
  "V_22": 762.7668211015757, 
  "V_23": 611.1636094835833, 
  "V_24": 704.2869521028575, 
  "V_25": 276.1836309744488, 
  "V_26": 98.49942642754286, 
  "V_27": 33.81911138365838, 
  "V_31": 453.67633274952703, 
  "V_32": 611.1636094835833, 
  "V_33": 490.7102874205105, 
  "V_34": 565.2885428490233, 
  "V_35": 221.9692146294562, 
  "V_36": 79.15926056174602, 
  "V_37": 27.189234416720332, 
  "V_41": 523.9364353440321, 
  "V_42": 704.2869521028575, 
  "V_43": 565.2885428490233, 
  "V_44": 652.3554421906967, 
  "V_45": 255.81022951445365, 
  "V_46": 91.29579788695439, 
  "V_47": 31.515912816133344, 
  "V_51": 205.07864883589627, 
  "V_52": 276.1836309744488, 
  "V_53": 221.9692146294562, 
  "V_54": 255.81022951445365, 
  "V_55": 100.47311974019951, 
  "V_56": 36.006177799988464, 
  "V_57": 12.49118949217123, 
  "V_61": 72.960304745592, 
  "V_62": 98.49942642754286, 
  "V_63": 79.15926056174602, 
  "V_64": 91.29579788695439, 
  "V_65": 36.006177799988464, 
  "V_66": 13.021829089871739, 
  "V_67": 4.573213487832597, 
  "V_71": 25.15115692692586, 
  "V_72": 33.81911138365838, 
  "V_73": 27.189234416720332, 
  "V_74": 31.515912816133344, 
  "V_75": 12.49118949217123, 
  "V_76": 4.573213487832597, 
  "V_77": 1.6403105158424724
}