{
  "V_11": 2.3730601658823782, 
  "V_12": 4.6031889380030995, 
  "V_13": 4.168663438039235, 
  "V_14": 5.281891886535705, 
  "V_15": 2.215892072230252, 
  "V_16": 0.876037529742771, 
  "V_17": 0.4085539254392487, 
  "V_21": 4.6031889380030995, 
  "V_22": 8.108587665106631, 
  "V_23": 7.588065368318232, 
  "V_24": 9.48886994184272, 
  "V_25": 3.889151001415358, 
  "V_26": 1.486727958941134, 
  "V_27": 0.7962555738733924, 
  "V_31": 4.168663438039235, 
  "V_32": 7.588065368318232, 
  "V_33": 7.194862980596413, 
  "V_34": 8.91188489562718, 
  "V_35": 3.6598682906693623, 
  "V_36": 1.3715009049835798, 
  "V_37": 0.7289888423095021, 
  "V_41": 5.281891886535705, 
  "V_42": 9.48886994184272, 
  "V_43": 8.91188489562718, 
  "V_44": 11.09078754222992, 
  "V_45": 4.646670873793082, 
  "V_46": 1.7497452033596843, 
  "V_47": 0.9339144104757588, 
  "V_51": 2.215892072230252, 
  "V_52": 3.889151001415358, 
  "V_53": 3.6598682906693623, 
  "V_54": 4.646670873793082, 
  "V_55": 1.9502699804932073, 
  "V_56": 0.753696326198187, 
  "V_57": 0.4005844159740796, 
  "V_61": 0.876037529742771, 
  "V_62": 1.486727958941134, 
  "V_63": 1.3715009049835798, 
  "V_64": 1.7497452033596843, 
  "V_65": 0.753696326198187, 
  "V_66": 0.3157908834173348, 
  "V_67": 0.14952883477494935, 
  "V_71": 0.4085539254392487, 
  "V_72": 0.7962555738733924, 
  "V_73": 0.7289888423095021, 
  "V_74": 0.9339144104757588, 
  "V_75": 0.4005844159740796, 
  "V_76": 0.14952883477494935, 
  "V_77": 0.13850625464086383
}