{
  "V_11": 16.632530759479028, 
  "V_12": 23.416554825671515, 
  "V_13": 18.895323192244977, 
  "V_14": 23.609553815365814, 
  "V_15": 10.752749442661786, 
  "V_16": 4.911765165047053, 
  "V_17": 2.3810459630172987, 
  "V_21": 23.416554825671515, 
  "V_22": 33.804276988272186, 
  "V_23": 27.342771591600307, 
  "V_24": 34.32935775814677, 
  "V_25": 16.05107866846323, 
  "V_26": 7.46846657910882, 
  "V_27": 3.6376370958360518, 
  "V_31": 18.895323192244977, 
  "V_32": 27.342771591600307, 
  "V_33": 22.787152433102758, 
  "V_34": 29.06651238280238, 
  "V_35": 13.672011414175895, 
  "V_36": 6.324495356797541, 
  "V_37": 2.973760178498666, 
  "V_41": 23.609553815365814, 
  "V_42": 34.32935775814677, 
  "V_43": 29.06651238280238, 
  "V_44": 36.955222026791276, 
  "V_45": 17.545839411304573, 
  "V_46": 8.04764403012549, 
  "V_47": 4.002565485964607, 
  "V_51": 10.752749442661786, 
  "V_52": 16.05107866846323, 
  "V_53": 13.672011414175895, 
  "V_54": 17.545839411304573, 
  "V_55": 8.617433564897476, 
  "V_56": 4.164023755546291, 
  "V_57": 2.089677904637152, 
  "V_61": 4.911765165047053, 
  "V_62": 7.46846657910882, 
  "V_63": 6.324495356797541, 
  "V_64": 8.04764403012549, 
  "V_65": 4.164023755546291, 
  "V_66": 2.1128295708888207, 
  "V_67": 1.0818336629577667, 
  "V_71": 2.3810459630172987, 
  "V_72": 3.6376370958360518, 
  "V_73": 2.973760178498666, 
  "V_74": 4.002565485964607, 
  "V_75": 2.089677904637152, 
  "V_76": 1.0818336629577667, 
  "V_77": 0.5959733276655337
}