{
  "V_11": 255.34506387710553, 
  "V_12": 339.84492893137156, 
  "V_13": 273.6360739760377, 
  "V_14": 315.1371672613053, 
  "V_15": 123.12201446766682, 
  "V_16": 43.49494599048181, 
  "V_17": 14.590610806551108, 
  "V_21": 339.84492893137156, 
  "V_22": 455.51877928938916, 
  "V_23": 365.97804725764, 
  "V_24": 421.1559743202795, 
  "V_25": 164.69711119935238, 
  "V_26": 58.188358126573625, 
  "V_27": 19.468029378027992, 
  "V_31": 273.6360739760377, 
  "V_32": 365.97804725764, 
  "V_33": 294.80632382067836, 
  "V_34": 338.5303106467325, 
  "V_35": 132.5827858775157, 
  "V_36": 46.863412463683204, 
  "V_37": 15.694735840694177, 
  "V_41": 315.1371672613053, 
  "V_42": 421.1559743202795, 
  "V_43": 338.5303106467325, 
  "V_44": 390.2650974457947, 
  "V_45": 152.67622435050563, 
  "V_46": 53.80819752833279, 
  "V_47": 18.082723839206537, 
  "V_51": 123.12201446766682, 
  "V_52": 164.69711119935238, 
  "V_53": 132.5827858775157, 
  "V_54": 152.67622435050563, 
  "V_55": 59.61587852626532, 
  "V_56": 21.011946826746918, 
  "V_57": 7.081932337992935, 
  "V_61": 43.49494599048181, 
  "V_62": 58.188358126573625, 
  "V_63": 46.863412463683204, 
  "V_64": 53.80819752833279, 
  "V_65": 21.011946826746918, 
  "V_66": 7.428960961934805, 
  "V_67": 2.505999712310098, 
  "V_71": 14.590610806551108, 
  "V_72": 19.468029378027992, 
  "V_73": 15.694735840694177, 
  "V_74": 18.082723839206537, 
  "V_75": 7.081932337992935, 
  "V_76": 2.505999712310098, 
  "V_77": 0.8523479032518159
}