{
  "V_11": 423.08464728303875, 
  "V_12": 566.9198070379136, 
  "V_13": 453.7594160965211, 
  "V_14": 524.1157806261016, 
  "V_15": 205.05068337995547, 
  "V_16": 73.02987109469657, 
  "V_17": 25.112938215193473, 
  "V_21": 566.9198070379136, 
  "V_22": 764.9651769591538, 
  "V_23": 611.5465301346317, 
  "V_24": 704.8587702824744, 
  "V_25": 276.8505012707123, 
  "V_26": 98.59720120925755, 
  "V_27": 33.90030425880262, 
  "V_31": 453.7594160965211, 
  "V_32": 611.5465301346317, 
  "V_33": 490.2711494181665, 
  "V_34": 565.3835991046487, 
  "V_35": 222.17967052312443, 
  "V_36": 79.1630819176483, 
  "V_37": 27.32579372891752, 
  "V_41": 524.1157806261016, 
  "V_42": 704.8587702824744, 
  "V_43": 565.3835991046487, 
  "V_44": 652.3766432464, 
  "V_45": 255.98941371283962, 
  "V_46": 91.25973850127761, 
  "V_47": 31.613511454210926, 
  "V_51": 205.05068337995547, 
  "V_52": 276.8505012707123, 
  "V_53": 222.17967052312443, 
  "V_54": 255.98941371283962, 
  "V_55": 100.5823941371006, 
  "V_56": 36.025811930930736, 
  "V_57": 12.529580153785487, 
  "V_61": 73.02987109469657, 
  "V_62": 98.59720120925755, 
  "V_63": 79.1630819176483, 
  "V_64": 91.25973850127761, 
  "V_65": 36.025811930930736, 
  "V_66": 12.963024191473522, 
  "V_67": 4.598505720158484, 
  "V_71": 25.112938215193473, 
  "V_72": 33.90030425880262, 
  "V_73": 27.32579372891752, 
  "V_74": 31.613511454210926, 
  "V_75": 12.529580153785487, 
  "V_76": 4.598505720158484, 
  "V_77": 1.6562122536247808
}