{
  "V_11": 2.6597157278537304, 
  "V_12": 4.539084828679812, 
  "V_13": 4.21316684480905, 
  "V_14": 5.390523472223681, 
  "V_15": 2.2394131740812893, 
  "V_16": 0.8502984639712735, 
  "V_17": 0.462803619641988, 
  "V_21": 4.539084828679812, 
  "V_22": 8.065402298392412, 
  "V_23": 7.4924481793889575, 
  "V_24": 9.550039382693354, 
  "V_25": 3.9782851666009797, 
  "V_26": 1.5161223144633345, 
  "V_27": 0.7941246152099439, 
  "V_31": 4.21316684480905, 
  "V_32": 7.4924481793889575, 
  "V_33": 6.993235604661571, 
  "V_34": 8.889768442601074, 
  "V_35": 3.6943997443964713, 
  "V_36": 1.4040278854256045, 
  "V_37": 0.7466142381241554, 
  "V_41": 5.390523472223681, 
  "V_42": 9.550039382693354, 
  "V_43": 8.889768442601074, 
  "V_44": 11.281918134572665, 
  "V_45": 4.721433325022427, 
  "V_46": 1.771052754380274, 
  "V_47": 0.9521522063449647, 
  "V_51": 2.2394131740812893, 
  "V_52": 3.9782851666009797, 
  "V_53": 3.6943997443964713, 
  "V_54": 4.721433325022427, 
  "V_55": 1.9603061863567777, 
  "V_56": 0.7422948374057233, 
  "V_57": 0.4025753678535327, 
  "V_61": 0.8502984639712735, 
  "V_62": 1.5161223144633345, 
  "V_63": 1.4040278854256045, 
  "V_64": 1.771052754380274, 
  "V_65": 0.7422948374057233, 
  "V_66": 0.316231539296508, 
  "V_67": 0.15466232858438536, 
  "V_71": 0.462803619641988, 
  "V_72": 0.7941246152099439, 
  "V_73": 0.7466142381241554, 
  "V_74": 0.9521522063449647, 
  "V_75": 0.4025753678535327, 
  "V_76": 0.15466232858438536, 
  "V_77": 0.12073328026666122
}