{
  "V_11": 30.21729749382262, 
  "V_12": 52.98766539646576, 
  "V_13": 50.526363503936665, 
  "V_14": 68.7771351934727, 
  "V_15": 31.82552234872295, 
  "V_16": 12.776277507203002, 
  "V_17": 4.771250842239535, 
  "V_21": 52.98766539646576, 
  "V_22": 92.3610608552445, 
  "V_23": 88.68332629091594, 
  "V_24": 120.37236480694055, 
  "V_25": 55.47868353373373, 
  "V_26": 22.292849647726978, 
  "V_27": 8.338305577228835, 
  "V_31": 50.526363503936665, 
  "V_32": 88.68332629091594, 
  "V_33": 85.07742014513653, 
  "V_34": 115.20272165378788, 
  "V_35": 53.17724972090056, 
  "V_36": 21.285435966650937, 
  "V_37": 7.951379301413046, 
  "V_41": 68.7771351934727, 
  "V_42": 120.37236480694055, 
  "V_43": 115.20272165378788, 
  "V_44": 156.31389741456925, 
  "V_45": 72.09371686369272, 
  "V_46": 28.838331063138405, 
  "V_47": 10.776582810799074, 
  "V_51": 31.82552234872295, 
  "V_52": 55.47868353373373, 
  "V_53": 53.17724972090056, 
  "V_54": 72.09371686369272, 
  "V_55": 33.25645545351357, 
  "V_56": 13.261455767081214, 
  "V_57": 4.932692536473196, 
  "V_61": 12.776277507203002, 
  "V_62": 22.292849647726978, 
  "V_63": 21.285435966650937, 
  "V_64": 28.838331063138405, 
  "V_65": 13.261455767081214, 
  "V_66": 5.26775023100081, 
  "V_67": 1.9446856067160252, 
  "V_71": 4.771250842239535, 
  "V_72": 8.338305577228835, 
  "V_73": 7.951379301413046, 
  "V_74": 10.776582810799074, 
  "V_75": 4.932692536473196, 
  "V_76": 1.9446856067160252, 
  "V_77": 0.7121517397126185
}