{
  "V_11": 839.6120879277762, 
  "V_12": 955.9356693818715, 
  "V_13": 795.9124341310976, 
  "V_14": 975.1065188269781, 
  "V_15": 420.0359658008856, 
  "V_16": 164.43180322843884, 
  "V_17": 61.62378503616848, 
  "V_21": 955.9356693818715, 
  "V_22": 1092.255713303328, 
  "V_23": 908.5543016892583, 
  "V_24": 1112.6368893459278, 
  "V_25": 478.95339699614647, 
  "V_26": 187.16431591485338, 
  "V_27": 70.40351816479121, 
  "V_31": 795.9124341310976, 
  "V_32": 908.5543016892583, 
  "V_33": 754.2887786069147, 
  "V_34": 925.5566310784504, 
  "V_35": 398.55358196929467, 
  "V_36": 155.75608426405944, 
  "V_37": 58.57451784945469, 
  "V_41": 975.1065188269781, 
  "V_42": 1112.6368893459278, 
  "V_43": 925.5566310784504, 
  "V_44": 1135.873005804728, 
  "V_45": 489.72240088609936, 
  "V_46": 191.82638478013035, 
  "V_47": 72.15404495240212, 
  "V_51": 420.0359658008856, 
  "V_52": 478.95339699614647, 
  "V_53": 398.55358196929467, 
  "V_54": 489.72240088609936, 
  "V_55": 211.12208888817727, 
  "V_56": 82.99283341893724, 
  "V_57": 31.39753601328178, 
  "V_61": 164.43180322843884, 
  "V_62": 187.16431591485338, 
  "V_63": 155.75608426405944, 
  "V_64": 191.82638478013035, 
  "V_65": 82.99283341893724, 
  "V_66": 32.80677246017688, 
  "V_67": 12.437337552142603, 
  "V_71": 61.62378503616848, 
  "V_72": 70.40351816479121, 
  "V_73": 58.57451784945469, 
  "V_74": 72.15404495240212, 
  "V_75": 31.39753601328178, 
  "V_76": 12.437337552142603, 
  "V_77": 4.795617559961477
}