{
  "V_11": 49.508502197543336, 
  "V_12": 74.4888456591115, 
  "V_13": 69.80564027301953, 
  "V_14": 99.53098973678428, 
  "V_15": 47.978339094397214, 
  "V_16": 20.478184860463244, 
  "V_17": 7.69556515542867, 
  "V_21": 74.4888456591115, 
  "V_22": 107.7636693386717, 
  "V_23": 105.03547664715677, 
  "V_24": 145.1354875347328, 
  "V_25": 70.08434898209231, 
  "V_26": 28.945783343075785, 
  "V_27": 11.065765341141281, 
  "V_31": 69.80564027301953, 
  "V_32": 105.03547664715677, 
  "V_33": 101.32670583279, 
  "V_34": 141.09166815780404, 
  "V_35": 67.702404916114, 
  "V_36": 28.03224915788344, 
  "V_37": 10.581395071481753, 
  "V_41": 99.53098973678428, 
  "V_42": 145.1354875347328, 
  "V_43": 141.09166815780404, 
  "V_44": 197.25471804395715, 
  "V_45": 93.90670901054072, 
  "V_46": 38.88892890602321, 
  "V_47": 14.721540290405542, 
  "V_51": 47.978339094397214, 
  "V_52": 70.08434898209231, 
  "V_53": 67.702404916114, 
  "V_54": 93.90670901054072, 
  "V_55": 44.89743420118532, 
  "V_56": 18.399544571073875, 
  "V_57": 6.914427490034195, 
  "V_61": 20.478184860463244, 
  "V_62": 28.945783343075785, 
  "V_63": 28.03224915788344, 
  "V_64": 38.88892890602321, 
  "V_65": 18.399544571073875, 
  "V_66": 7.44606629251431, 
  "V_67": 2.6805710875153634, 
  "V_71": 7.69556515542867, 
  "V_72": 11.065765341141281, 
  "V_73": 10.581395071481753, 
  "V_74": 14.721540290405542, 
  "V_75": 6.914427490034195, 
  "V_76": 2.6805710875153634, 
  "V_77": 0.945464042475843
}