{
  "V_11": 3.5116940180916245, 
  "V_12": 5.9750252436291404, 
  "V_13": 5.074655830618018, 
  "V_14": 6.3265055563472945, 
  "V_15": 2.6120589975565043, 
  "V_16": 0.9614128143778422, 
  "V_17": 0.4983387337153933, 
  "V_21": 5.9750252436291404, 
  "V_22": 12.225552993630156, 
  "V_23": 10.851044251112834, 
  "V_24": 12.645347973229528, 
  "V_25": 4.843543981835154, 
  "V_26": 1.7288137601104838, 
  "V_27": 0.8973056035795451, 
  "V_31": 5.074655830618018, 
  "V_32": 10.851044251112834, 
  "V_33": 10.923493038587235, 
  "V_34": 12.716324378548027, 
  "V_35": 4.731010091269245, 
  "V_36": 1.6637655803444253, 
  "V_37": 0.8516796457125937, 
  "V_41": 6.3265055563472945, 
  "V_42": 12.645347973229528, 
  "V_43": 12.716324378548027, 
  "V_44": 17.381492649029514, 
  "V_45": 6.7024175494806215, 
  "V_46": 2.294511099151156, 
  "V_47": 1.1456293362286458, 
  "V_51": 2.6120589975565043, 
  "V_52": 4.843543981835154, 
  "V_53": 4.731010091269245, 
  "V_54": 6.7024175494806215, 
  "V_55": 3.3580450185096176, 
  "V_56": 1.1993445661881126, 
  "V_57": 0.5711045502368474, 
  "V_61": 0.9614128143778422, 
  "V_62": 1.7288137601104838, 
  "V_63": 1.6637655803444253, 
  "V_64": 2.294511099151156, 
  "V_65": 1.1993445661881126, 
  "V_66": 0.6699674166312901, 
  "V_67": 0.311474123165412, 
  "V_71": 0.4983387337153933, 
  "V_72": 0.8973056035795451, 
  "V_73": 0.8516796457125937, 
  "V_74": 1.1456293362286458, 
  "V_75": 0.5711045502368474, 
  "V_76": 0.311474123165412, 
  "V_77": 0.37589981096424574
}