{
  "V_11": 12.794791603671253, 
  "V_12": 22.46725286978055, 
  "V_13": 21.461609013148287, 
  "V_14": 29.118170476796994, 
  "V_15": 13.403421084645906, 
  "V_16": 5.338145039509427, 
  "V_17": 2.027758068580489, 
  "V_21": 22.46725286978055, 
  "V_22": 39.28055118744469, 
  "V_23": 37.564271051204265, 
  "V_24": 50.84738256503402, 
  "V_25": 23.405657034492705, 
  "V_26": 9.341070942178417, 
  "V_27": 3.5322773817299886, 
  "V_31": 21.461609013148287, 
  "V_32": 37.564271051204265, 
  "V_33": 35.881386935068576, 
  "V_34": 48.66926435324053, 
  "V_35": 22.301021608411354, 
  "V_36": 8.925379791109572, 
  "V_37": 3.3616877151839755, 
  "V_41": 29.118170476796994, 
  "V_42": 50.84738256503402, 
  "V_43": 48.66926435324053, 
  "V_44": 65.83176131753285, 
  "V_45": 30.201381389481124, 
  "V_46": 12.053395078769261, 
  "V_47": 4.526776159478563, 
  "V_51": 13.403421084645906, 
  "V_52": 23.405657034492705, 
  "V_53": 22.301021608411354, 
  "V_54": 30.201381389481124, 
  "V_55": 13.871221588383266, 
  "V_56": 5.494880076441652, 
  "V_57": 2.0598052084299137, 
  "V_61": 5.338145039509427, 
  "V_62": 9.341070942178417, 
  "V_63": 8.925379791109572, 
  "V_64": 12.053395078769261, 
  "V_65": 5.494880076441652, 
  "V_66": 2.1802067396434976, 
  "V_67": 0.8013417874512087, 
  "V_71": 2.027758068580489, 
  "V_72": 3.5322773817299886, 
  "V_73": 3.3616877151839755, 
  "V_74": 4.526776159478563, 
  "V_75": 2.0598052084299137, 
  "V_76": 0.8013417874512087, 
  "V_77": 0.302893986926519
}