{
  "V_11": 41.016128049161736, 
  "V_12": 60.43173166436457, 
  "V_13": 58.22040982765224, 
  "V_14": 79.09216309557785, 
  "V_15": 36.32824743880848, 
  "V_16": 14.64893868840733, 
  "V_17": 5.513025222119683, 
  "V_21": 60.43173166436457, 
  "V_22": 92.47334468949792, 
  "V_23": 88.80364419069272, 
  "V_24": 120.48874156435868, 
  "V_25": 55.60134284477223, 
  "V_26": 22.298884381879002, 
  "V_27": 8.278359162589018, 
  "V_31": 58.22040982765224, 
  "V_32": 88.80364419069272, 
  "V_33": 84.95473481815542, 
  "V_34": 115.34549742743832, 
  "V_35": 53.07378494678424, 
  "V_36": 21.312530983552595, 
  "V_37": 8.013961751034621, 
  "V_41": 79.09216309557785, 
  "V_42": 120.48874156435868, 
  "V_43": 115.34549742743832, 
  "V_44": 157.0082806376545, 
  "V_45": 72.1392070751852, 
  "V_46": 28.751635584248916, 
  "V_47": 10.799421045400031, 
  "V_51": 36.32824743880848, 
  "V_52": 55.60134284477223, 
  "V_53": 53.07378494678424, 
  "V_54": 72.1392070751852, 
  "V_55": 33.18997319689754, 
  "V_56": 13.312081421807742, 
  "V_57": 4.934731256587988, 
  "V_61": 14.64893868840733, 
  "V_62": 22.298884381879002, 
  "V_63": 21.312530983552595, 
  "V_64": 28.751635584248916, 
  "V_65": 13.312081421807742, 
  "V_66": 5.299946470143733, 
  "V_67": 1.9551863659931241, 
  "V_71": 5.513025222119683, 
  "V_72": 8.278359162589018, 
  "V_73": 8.013961751034621, 
  "V_74": 10.799421045400031, 
  "V_75": 4.934731256587988, 
  "V_76": 1.9551863659931241, 
  "V_77": 0.7004982811083262
}