{
  "V_11": 101.09208314737003, 
  "V_12": 135.4835576103117, 
  "V_13": 108.71843262682424, 
  "V_14": 127.16522881024703, 
  "V_15": 50.504221509996995, 
  "V_16": 18.498737368105232, 
  "V_17": 6.610417901792171, 
  "V_21": 135.4835576103117, 
  "V_22": 184.19387864574298, 
  "V_23": 146.91805760937308, 
  "V_24": 171.77630459483126, 
  "V_25": 68.68244091598491, 
  "V_26": 25.201852424903876, 
  "V_27": 9.062784420346079, 
  "V_31": 108.71843262682424, 
  "V_32": 146.91805760937308, 
  "V_33": 119.30343753808351, 
  "V_34": 138.98721512171844, 
  "V_35": 55.783976476847236, 
  "V_36": 20.584264404328632, 
  "V_37": 7.387172824368898, 
  "V_41": 127.16522881024703, 
  "V_42": 171.77630459483126, 
  "V_43": 138.98721512171844, 
  "V_44": 162.3124554676357, 
  "V_45": 65.48954720139376, 
  "V_46": 24.166662203500096, 
  "V_47": 8.808525920308696, 
  "V_51": 50.504221509996995, 
  "V_52": 68.68244091598491, 
  "V_53": 55.783976476847236, 
  "V_54": 65.48954720139376, 
  "V_55": 26.401307089945558, 
  "V_56": 9.923715026016508, 
  "V_57": 3.67816908269859, 
  "V_61": 18.498737368105232, 
  "V_62": 25.201852424903876, 
  "V_63": 20.584264404328632, 
  "V_64": 24.166662203500096, 
  "V_65": 9.923715026016508, 
  "V_66": 3.856734999325591, 
  "V_67": 1.4484956346518447, 
  "V_71": 6.610417901792171, 
  "V_72": 9.062784420346079, 
  "V_73": 7.387172824368898, 
  "V_74": 8.808525920308696, 
  "V_75": 3.67816908269859, 
  "V_76": 1.4484956346518447, 
  "V_77": 0.5767019179715445
}