{
  "V_11": 87.50920531896503, 
  "V_12": 156.42760554525833, 
  "V_13": 147.1219338965409, 
  "V_14": 190.36187380042054, 
  "V_15": 81.37532606449922, 
  "V_16": 29.94577721878583, 
  "V_17": 10.393743561062779, 
  "V_21": 156.42760554525833, 
  "V_22": 275.8666368315066, 
  "V_23": 258.6563600120364, 
  "V_24": 335.2493864378326, 
  "V_25": 143.00967084160595, 
  "V_26": 52.89633367036485, 
  "V_27": 18.181687318228345, 
  "V_31": 147.1219338965409, 
  "V_32": 258.6563600120364, 
  "V_33": 242.7998139660226, 
  "V_34": 314.9865504852435, 
  "V_35": 134.23071507933966, 
  "V_36": 49.57739520032413, 
  "V_37": 17.11153192162011, 
  "V_41": 190.36187380042054, 
  "V_42": 335.2493864378326, 
  "V_43": 314.9865504852435, 
  "V_44": 406.83552280775774, 
  "V_45": 173.538978588828, 
  "V_46": 64.08817664582342, 
  "V_47": 21.958928230369153, 
  "V_51": 81.37532606449922, 
  "V_52": 143.00967084160595, 
  "V_53": 134.23071507933966, 
  "V_54": 173.538978588828, 
  "V_55": 73.79854306219544, 
  "V_56": 27.213458712274115, 
  "V_57": 9.276389197300867, 
  "V_61": 29.94577721878583, 
  "V_62": 52.89633367036485, 
  "V_63": 49.57739520032413, 
  "V_64": 64.08817664582342, 
  "V_65": 27.213458712274115, 
  "V_66": 9.955111054685284, 
  "V_67": 3.3738646591958266, 
  "V_71": 10.393743561062779, 
  "V_72": 18.181687318228345, 
  "V_73": 17.11153192162011, 
  "V_74": 21.958928230369153, 
  "V_75": 9.276389197300867, 
  "V_76": 3.3738646591958266, 
  "V_77": 1.1269474749733603
}