{
  "V_11": 518.8705810772817, 
  "V_12": 694.1856096070211, 
  "V_13": 553.4218487602946, 
  "V_14": 631.5341687970357, 
  "V_15": 244.434985361967, 
  "V_16": 85.96696642692292, 
  "V_17": 29.213467692622718, 
  "V_21": 694.1856096070211, 
  "V_22": 931.0245842159428, 
  "V_23": 741.3357989708538, 
  "V_24": 846.3370217489777, 
  "V_25": 327.63866940567, 
  "V_26": 115.16044824744127, 
  "V_27": 39.13396658754873, 
  "V_31": 553.4218487602946, 
  "V_32": 741.3357989708538, 
  "V_33": 591.4141225297726, 
  "V_34": 674.7176912570357, 
  "V_35": 261.3023456060537, 
  "V_36": 91.93120266285338, 
  "V_37": 31.26894463592303, 
  "V_41": 631.5341687970357, 
  "V_42": 846.3370217489777, 
  "V_43": 674.7176912570357, 
  "V_44": 770.1686732602122, 
  "V_45": 298.3766308761275, 
  "V_46": 105.03462097954787, 
  "V_47": 35.7090249153523, 
  "V_51": 244.434985361967, 
  "V_52": 327.63866940567, 
  "V_53": 261.3023456060537, 
  "V_54": 298.3766308761275, 
  "V_55": 115.76969923039707, 
  "V_56": 40.7853692810367, 
  "V_57": 13.920078779410856, 
  "V_61": 85.96696642692292, 
  "V_62": 115.16044824744127, 
  "V_63": 91.93120266285338, 
  "V_64": 105.03462097954787, 
  "V_65": 40.7853692810367, 
  "V_66": 14.469423509447239, 
  "V_67": 4.9620782139098925, 
  "V_71": 29.213467692622718, 
  "V_72": 39.13396658754873, 
  "V_73": 31.26894463592303, 
  "V_74": 35.7090249153523, 
  "V_75": 13.920078779410856, 
  "V_76": 4.9620782139098925, 
  "V_77": 1.7494496406437616
}