{
  "V_11": 22.992566066351745, 
  "V_12": 29.612527688364874, 
  "V_13": 23.286473283918177, 
  "V_14": 28.314662466517802, 
  "V_15": 11.935833427224111, 
  "V_16": 4.709731971667398, 
  "V_17": 1.957103364248468, 
  "V_21": 29.612527688364874, 
  "V_22": 42.26448451532774, 
  "V_23": 33.02245000462442, 
  "V_24": 39.142313731467, 
  "V_25": 16.605272676645782, 
  "V_26": 6.6448379780903535, 
  "V_27": 2.7638530434357924, 
  "V_31": 23.286473283918177, 
  "V_32": 33.02245000462442, 
  "V_33": 27.222414273429614, 
  "V_34": 32.13637464277338, 
  "V_35": 13.789600780089856, 
  "V_36": 5.494459480644147, 
  "V_37": 2.2696301312323937, 
  "V_41": 28.314662466517802, 
  "V_42": 39.142313731467, 
  "V_43": 32.13637464277338, 
  "V_44": 38.24339475233776, 
  "V_45": 16.30132666823583, 
  "V_46": 6.78034034002362, 
  "V_47": 2.8385983348002, 
  "V_51": 11.935833427224111, 
  "V_52": 16.605272676645782, 
  "V_53": 13.789600780089856, 
  "V_54": 16.30132666823583, 
  "V_55": 7.226371830411647, 
  "V_56": 3.077725855785487, 
  "V_57": 1.3427329002275763, 
  "V_61": 4.709731971667398, 
  "V_62": 6.6448379780903535, 
  "V_63": 5.494459480644147, 
  "V_64": 6.78034034002362, 
  "V_65": 3.077725855785487, 
  "V_66": 1.3816052761909505, 
  "V_67": 0.6300083953504875, 
  "V_71": 1.957103364248468, 
  "V_72": 2.7638530434357924, 
  "V_73": 2.2696301312323937, 
  "V_74": 2.8385983348002, 
  "V_75": 1.3427329002275763, 
  "V_76": 0.6300083953504875, 
  "V_77": 0.302242436114776
}