{
  "V_11": 319.70389859793164, 
  "V_12": 427.16266249400894, 
  "V_13": 339.4449940747225, 
  "V_14": 386.139739833245, 
  "V_15": 148.9565753587293, 
  "V_16": 52.40148839137424, 
  "V_17": 18.065232453321467, 
  "V_21": 427.16266249400894, 
  "V_22": 570.7424486582897, 
  "V_23": 454.2774575774009, 
  "V_24": 516.8488905041564, 
  "V_25": 199.354586494861, 
  "V_26": 70.1330249536369, 
  "V_27": 24.222811864860873, 
  "V_31": 339.4449940747225, 
  "V_32": 454.2774575774009, 
  "V_33": 361.4465611196597, 
  "V_34": 411.1158473178432, 
  "V_35": 158.66236952860046, 
  "V_36": 55.7933201691101, 
  "V_37": 19.292786208984978, 
  "V_41": 386.139739833245, 
  "V_42": 516.8488905041564, 
  "V_43": 411.1158473178432, 
  "V_44": 467.99286548579164, 
  "V_45": 180.70187420056965, 
  "V_46": 63.62881232793106, 
  "V_47": 22.033388316930218, 
  "V_51": 148.9565753587293, 
  "V_52": 199.354586494861, 
  "V_53": 158.66236952860046, 
  "V_54": 180.70187420056965, 
  "V_55": 69.8947722503205, 
  "V_56": 24.654775918505585, 
  "V_57": 8.561580179284329, 
  "V_61": 52.40148839137424, 
  "V_62": 70.1330249536369, 
  "V_63": 55.7933201691101, 
  "V_64": 63.62881232793106, 
  "V_65": 24.654775918505585, 
  "V_66": 8.756223123941332, 
  "V_67": 3.059485734575018, 
  "V_71": 18.065232453321467, 
  "V_72": 24.222811864860873, 
  "V_73": 19.292786208984978, 
  "V_74": 22.033388316930218, 
  "V_75": 8.561580179284329, 
  "V_76": 3.059485734575018, 
  "V_77": 1.1493332498266118
}