{
  "V_11": 22.36902817473734, 
  "V_12": 37.579249893747175, 
  "V_13": 35.837593120695885, 
  "V_14": 47.019023727703065, 
  "V_15": 20.537010706474216, 
  "V_16": 7.950691292024832, 
  "V_17": 2.642977049559441, 
  "V_21": 37.579249893747175, 
  "V_22": 65.77108813441941, 
  "V_23": 63.10284370531924, 
  "V_24": 81.65857070458115, 
  "V_25": 35.563155170593895, 
  "V_26": 13.232802849636844, 
  "V_27": 4.548170813424348, 
  "V_31": 35.837593120695885, 
  "V_32": 63.10284370531924, 
  "V_33": 58.950763608062395, 
  "V_34": 76.55653578075798, 
  "V_35": 33.42897857019003, 
  "V_36": 12.230028314180613, 
  "V_37": 4.220443754149504, 
  "V_41": 47.019023727703065, 
  "V_42": 81.65857070458115, 
  "V_43": 76.55653578075798, 
  "V_44": 101.0759694739725, 
  "V_45": 43.42920864911267, 
  "V_46": 15.964743389727472, 
  "V_47": 5.316054176782229, 
  "V_51": 20.537010706474216, 
  "V_52": 35.563155170593895, 
  "V_53": 33.42897857019003, 
  "V_54": 43.42920864911267, 
  "V_55": 18.72848612803958, 
  "V_56": 6.627560674946582, 
  "V_57": 2.199781053482934, 
  "V_61": 7.950691292024832, 
  "V_62": 13.232802849636844, 
  "V_63": 12.230028314180613, 
  "V_64": 15.964743389727472, 
  "V_65": 6.627560674946582, 
  "V_66": 2.4319945203152886, 
  "V_67": 0.7301441348047438, 
  "V_71": 2.642977049559441, 
  "V_72": 4.548170813424348, 
  "V_73": 4.220443754149504, 
  "V_74": 5.316054176782229, 
  "V_75": 2.199781053482934, 
  "V_76": 0.7301441348047438, 
  "V_77": 0.18464070801222715
}