{
  "V_11": 64.27400356310955, 
  "V_12": 85.87340289900348, 
  "V_13": 68.1696363823902, 
  "V_14": 76.93644356246512, 
  "V_15": 29.385590455289798, 
  "V_16": 10.581176906756886, 
  "V_17": 5.49765221026531, 
  "V_21": 85.87340289900348, 
  "V_22": 114.91444854152627, 
  "V_23": 91.22309981359875, 
  "V_24": 102.93133442073633, 
  "V_25": 39.20310195460425, 
  "V_26": 14.126466444866969, 
  "V_27": 7.333547159124706, 
  "V_31": 68.1696363823902, 
  "V_32": 91.22309981359875, 
  "V_33": 72.318292624237, 
  "V_34": 81.50313518679559, 
  "V_35": 31.00665204275784, 
  "V_36": 11.234031488581191, 
  "V_37": 5.824810794339874, 
  "V_41": 76.93644356246512, 
  "V_42": 102.93133442073633, 
  "V_43": 81.50313518679559, 
  "V_44": 92.02154629122826, 
  "V_45": 35.075331275348184, 
  "V_46": 12.679834537517616, 
  "V_47": 6.585567654976885, 
  "V_51": 29.385590455289798, 
  "V_52": 39.20310195460425, 
  "V_53": 31.00665204275784, 
  "V_54": 35.075331275348184, 
  "V_55": 13.508250707683667, 
  "V_56": 4.87655663598958, 
  "V_57": 2.5044991857779904, 
  "V_61": 10.581176906756886, 
  "V_62": 14.126466444866969, 
  "V_63": 11.234031488581191, 
  "V_64": 12.679834537517616, 
  "V_65": 4.87655663598958, 
  "V_66": 1.9547369999515654, 
  "V_67": 0.9191094525188521, 
  "V_71": 5.49765221026531, 
  "V_72": 7.333547159124706, 
  "V_73": 5.824810794339874, 
  "V_74": 6.585567654976885, 
  "V_75": 2.5044991857779904, 
  "V_76": 0.9191094525188521, 
  "V_77": 0.699750479948269
}