{
  "V_11": 11.402157838312736, 
  "V_12": 19.8433041065783, 
  "V_13": 18.421749766147155, 
  "V_14": 23.44482338129646, 
  "V_15": 9.812974220145712, 
  "V_16": 3.542988494152497, 
  "V_17": 1.2452933979726166, 
  "V_21": 19.8433041065783, 
  "V_22": 34.74304052992058, 
  "V_23": 32.537301258808796, 
  "V_24": 41.220927090599474, 
  "V_25": 17.227377658005846, 
  "V_26": 6.251097684956311, 
  "V_27": 2.2049657490614867, 
  "V_31": 18.421749766147155, 
  "V_32": 32.537301258808796, 
  "V_33": 30.20045212275564, 
  "V_34": 38.33501751648588, 
  "V_35": 15.978055612654128, 
  "V_36": 5.763129151771125, 
  "V_37": 2.018142522943413, 
  "V_41": 23.44482338129646, 
  "V_42": 41.220927090599474, 
  "V_43": 38.33501751648588, 
  "V_44": 48.823859230950276, 
  "V_45": 20.30061935921967, 
  "V_46": 7.309934792108827, 
  "V_47": 2.557855167014861, 
  "V_51": 9.812974220145712, 
  "V_52": 17.227377658005846, 
  "V_53": 15.978055612654128, 
  "V_54": 20.30061935921967, 
  "V_55": 8.458286437543451, 
  "V_56": 3.035929526128316, 
  "V_57": 1.0474477353353744, 
  "V_61": 3.542988494152497, 
  "V_62": 6.251097684956311, 
  "V_63": 5.763129151771125, 
  "V_64": 7.309934792108827, 
  "V_65": 3.035929526128316, 
  "V_66": 1.0816314088106127, 
  "V_67": 0.357515700740075, 
  "V_71": 1.2452933979726166, 
  "V_72": 2.2049657490614867, 
  "V_73": 2.018142522943413, 
  "V_74": 2.557855167014861, 
  "V_75": 1.0474477353353744, 
  "V_76": 0.357515700740075, 
  "V_77": 0.1248841542054134
}