{
  "V_11": 2.5757422106737455, 
  "V_12": 4.53166178473732, 
  "V_13": 4.159237399425374, 
  "V_14": 5.271114786096412, 
  "V_15": 2.1839891675944902, 
  "V_16": 0.8122264345656183, 
  "V_17": 0.34620431317646877, 
  "V_21": 4.53166178473732, 
  "V_22": 7.916763995819539, 
  "V_23": 7.39817547648662, 
  "V_24": 9.327233548587914, 
  "V_25": 3.8612653992415598, 
  "V_26": 1.4224752817692345, 
  "V_27": 0.6201595771561356, 
  "V_31": 4.159237399425374, 
  "V_32": 7.39817547648662, 
  "V_33": 6.794401820252313, 
  "V_34": 8.625056851065516, 
  "V_35": 3.56043065688381, 
  "V_36": 1.3094287604453332, 
  "V_37": 0.5716590849545271, 
  "V_41": 5.271114786096412, 
  "V_42": 9.327233548587914, 
  "V_43": 8.625056851065516, 
  "V_44": 10.915198970997182, 
  "V_45": 4.486208285619482, 
  "V_46": 1.6353942139246633, 
  "V_47": 0.7076781868101626, 
  "V_51": 2.1839891675944902, 
  "V_52": 3.8612653992415598, 
  "V_53": 3.56043065688381, 
  "V_54": 4.486208285619482, 
  "V_55": 1.8379038763308926, 
  "V_56": 0.6619132269556993, 
  "V_57": 0.2764415933131138, 
  "V_61": 0.8122264345656183, 
  "V_62": 1.4224752817692345, 
  "V_63": 1.3094287604453332, 
  "V_64": 1.6353942139246633, 
  "V_65": 0.6619132269556993, 
  "V_66": 0.2470932808089752, 
  "V_67": 0.09211136941897138, 
  "V_71": 0.34620431317646877, 
  "V_72": 0.6201595771561356, 
  "V_73": 0.5716590849545271, 
  "V_74": 0.7076781868101626, 
  "V_75": 0.2764415933131138, 
  "V_76": 0.09211136941897138, 
  "V_77": 0.040681784977212525
}