{
  "V_11": 12.807859728989479, 
  "V_12": 22.458898482323445, 
  "V_13": 21.454769130443232, 
  "V_14": 29.13522663175189, 
  "V_15": 13.394025187772009, 
  "V_16": 5.335497523606772, 
  "V_17": 2.0258612235424502, 
  "V_21": 22.458898482323445, 
  "V_22": 39.275594326621764, 
  "V_23": 37.550341391773, 
  "V_24": 50.84457590962881, 
  "V_25": 23.4050855612644, 
  "V_26": 9.33821640453723, 
  "V_27": 3.5288814378645705, 
  "V_31": 21.454769130443232, 
  "V_32": 37.550341391773, 
  "V_33": 35.864888702460796, 
  "V_34": 48.66977822534367, 
  "V_35": 22.302541751492452, 
  "V_36": 8.922893677406687, 
  "V_37": 3.363925846701294, 
  "V_41": 29.13522663175189, 
  "V_42": 50.84457590962881, 
  "V_43": 48.66977822534367, 
  "V_44": 65.82447653843553, 
  "V_45": 30.20099957678314, 
  "V_46": 12.051638327423342, 
  "V_47": 4.526524259684486, 
  "V_51": 13.394025187772009, 
  "V_52": 23.4050855612644, 
  "V_53": 22.302541751492452, 
  "V_54": 30.20099957678314, 
  "V_55": 13.874629709063004, 
  "V_56": 5.494478547433056, 
  "V_57": 2.0591413803550505, 
  "V_61": 5.335497523606772, 
  "V_62": 9.33821640453723, 
  "V_63": 8.922893677406687, 
  "V_64": 12.051638327423342, 
  "V_65": 5.494478547433056, 
  "V_66": 2.1807317399807356, 
  "V_67": 0.8010078348018, 
  "V_71": 2.0258612235424502, 
  "V_72": 3.5288814378645705, 
  "V_73": 3.363925846701294, 
  "V_74": 4.526524259684486, 
  "V_75": 2.0591413803550505, 
  "V_76": 0.8010078348018, 
  "V_77": 0.3026534185448822
}