{
  "V_11": 23.06645643586016, 
  "V_12": 29.604091395703485, 
  "V_13": 23.31511853079755, 
  "V_14": 28.316364960505062, 
  "V_15": 11.94788262578671, 
  "V_16": 4.7031641558643, 
  "V_17": 1.9560689962093818, 
  "V_21": 29.604091395703485, 
  "V_22": 42.23346414823295, 
  "V_23": 33.00353121269635, 
  "V_24": 39.15685613632436, 
  "V_25": 16.592955878067364, 
  "V_26": 6.644818108836668, 
  "V_27": 2.7636677126120035, 
  "V_31": 23.31511853079755, 
  "V_32": 33.00353121269635, 
  "V_33": 27.24084378254902, 
  "V_34": 32.129254668607, 
  "V_35": 13.789201396249041, 
  "V_36": 5.493421165910491, 
  "V_37": 2.2687508414558297, 
  "V_41": 28.316364960505062, 
  "V_42": 39.15685613632436, 
  "V_43": 32.129254668607, 
  "V_44": 38.25298146743224, 
  "V_45": 16.311786122015366, 
  "V_46": 6.778528684101161, 
  "V_47": 2.8369795036221004, 
  "V_51": 11.94788262578671, 
  "V_52": 16.592955878067364, 
  "V_53": 13.789201396249041, 
  "V_54": 16.311786122015366, 
  "V_55": 7.226152387404845, 
  "V_56": 3.0764155456987274, 
  "V_57": 1.3427840354577059, 
  "V_61": 4.7031641558643, 
  "V_62": 6.644818108836668, 
  "V_63": 5.493421165910491, 
  "V_64": 6.778528684101161, 
  "V_65": 3.0764155456987274, 
  "V_66": 1.3806690962804842, 
  "V_67": 0.6281947948016083, 
  "V_71": 1.9560689962093818, 
  "V_72": 2.7636677126120035, 
  "V_73": 2.2687508414558297, 
  "V_74": 2.8369795036221004, 
  "V_75": 1.3427840354577059, 
  "V_76": 0.6281947948016083, 
  "V_77": 0.30225847276655177
}