{
  "V_11": 9.372060714872028, 
  "V_12": 14.549456726287525, 
  "V_13": 13.663879700983815, 
  "V_14": 17.51379639904144, 
  "V_15": 7.218289587026899, 
  "V_16": 2.6310802791763996, 
  "V_17": 0.9839813552330301, 
  "V_21": 14.549456726287525, 
  "V_22": 22.75244198736353, 
  "V_23": 21.150941942833192, 
  "V_24": 26.89261396236192, 
  "V_25": 11.190447644547147, 
  "V_26": 4.020499219302253, 
  "V_27": 1.5047780520428176, 
  "V_31": 13.663879700983815, 
  "V_32": 21.150941942833192, 
  "V_33": 19.561300356631826, 
  "V_34": 24.89623902278791, 
  "V_35": 10.353310226914962, 
  "V_36": 3.7174675664669685, 
  "V_37": 1.3735976960605911, 
  "V_41": 17.51379639904144, 
  "V_42": 26.89261396236192, 
  "V_43": 24.89623902278791, 
  "V_44": 31.733746221209586, 
  "V_45": 13.135520109035804, 
  "V_46": 4.735516359982134, 
  "V_47": 1.7269911893098011, 
  "V_51": 7.218289587026899, 
  "V_52": 11.190447644547147, 
  "V_53": 10.353310226914962, 
  "V_54": 13.135520109035804, 
  "V_55": 5.451833102788811, 
  "V_56": 1.9489747781439883, 
  "V_57": 0.6982582113039009, 
  "V_61": 2.6310802791763996, 
  "V_62": 4.020499219302253, 
  "V_63": 3.7174675664669685, 
  "V_64": 4.735516359982134, 
  "V_65": 1.9489747781439883, 
  "V_66": 0.6954951210257602, 
  "V_67": 0.23806918337019703, 
  "V_71": 0.9839813552330301, 
  "V_72": 1.5047780520428176, 
  "V_73": 1.3735976960605911, 
  "V_74": 1.7269911893098011, 
  "V_75": 0.6982582113039009, 
  "V_76": 0.23806918337019703, 
  "V_77": 0.09376258979831835
}