{
  "V_11": 64.73521501807899, 
  "V_12": 86.43076382540013, 
  "V_13": 68.26724660139067, 
  "V_14": 77.22399361465484, 
  "V_15": 29.433575372979824, 
  "V_16": 10.61095901362699, 
  "V_17": 5.519429135288641, 
  "V_21": 86.43076382540013, 
  "V_22": 115.3174459760674, 
  "V_23": 91.13917891694697, 
  "V_24": 103.03436296166099, 
  "V_25": 39.2975951928743, 
  "V_26": 14.168586833671771, 
  "V_27": 7.3597909378260615, 
  "V_31": 68.26724660139067, 
  "V_32": 91.13917891694697, 
  "V_33": 72.20756122956149, 
  "V_34": 81.49636846547747, 
  "V_35": 31.116988509520528, 
  "V_36": 11.230142557355412, 
  "V_37": 5.821865813580639, 
  "V_41": 77.22399361465484, 
  "V_42": 103.03436296166099, 
  "V_43": 81.49636846547747, 
  "V_44": 92.17023544510869, 
  "V_45": 35.206609887273316, 
  "V_46": 12.706276019805367, 
  "V_47": 6.589581610831185, 
  "V_51": 29.433575372979824, 
  "V_52": 39.2975951928743, 
  "V_53": 31.116988509520528, 
  "V_54": 35.206609887273316, 
  "V_55": 13.515018347061805, 
  "V_56": 4.865844570374018, 
  "V_57": 2.539291575993833, 
  "V_61": 10.61095901362699, 
  "V_62": 14.168586833671771, 
  "V_63": 11.230142557355412, 
  "V_64": 12.706276019805367, 
  "V_65": 4.865844570374018, 
  "V_66": 1.9446503169579066, 
  "V_67": 0.9231995050033194, 
  "V_71": 5.519429135288641, 
  "V_72": 7.3597909378260615, 
  "V_73": 5.821865813580639, 
  "V_74": 6.589581610831185, 
  "V_75": 2.539291575993833, 
  "V_76": 0.9231995050033194, 
  "V_77": 0.7178790423276337
}