{
  "V_11": 4.522569538022593, 
  "V_12": 7.966622920818158, 
  "V_13": 7.618911010697871, 
  "V_14": 10.234205875008675, 
  "V_15": 4.683350151382936, 
  "V_16": 1.8675732532557554, 
  "V_17": 0.7615329996704205, 
  "V_21": 7.966622920818158, 
  "V_22": 13.79981354153097, 
  "V_23": 13.23911271028966, 
  "V_24": 17.88430146901935, 
  "V_25": 8.161573780458745, 
  "V_26": 3.247600810363388, 
  "V_27": 1.3324559933838906, 
  "V_31": 7.618911010697871, 
  "V_32": 13.23911271028966, 
  "V_33": 12.615494767950658, 
  "V_34": 17.0510437923381, 
  "V_35": 7.80203982740973, 
  "V_36": 3.0988392177921344, 
  "V_37": 1.2572281435443844, 
  "V_41": 10.234205875008675, 
  "V_42": 17.88430146901935, 
  "V_43": 17.0510437923381, 
  "V_44": 22.99896585245698, 
  "V_45": 10.523958200255409, 
  "V_46": 4.172935710028534, 
  "V_47": 1.684517938490268, 
  "V_51": 4.683350151382936, 
  "V_52": 8.161573780458745, 
  "V_53": 7.80203982740973, 
  "V_54": 10.523958200255409, 
  "V_55": 4.815726679400699, 
  "V_56": 1.8943992067172006, 
  "V_57": 0.7569860158164811, 
  "V_61": 1.8675732532557554, 
  "V_62": 3.247600810363388, 
  "V_63": 3.0988392177921344, 
  "V_64": 4.172935710028534, 
  "V_65": 1.8943992067172006, 
  "V_66": 0.753812358409206, 
  "V_67": 0.29244466849169526, 
  "V_71": 0.7615329996704205, 
  "V_72": 1.3324559933838906, 
  "V_73": 1.2572281435443844, 
  "V_74": 1.684517938490268, 
  "V_75": 0.7569860158164811, 
  "V_76": 0.29244466849169526, 
  "V_77": 0.12675893074087624
}