{
  "V_11": 519.4870536425432, 
  "V_12": 694.7399936467621, 
  "V_13": 554.1084879725158, 
  "V_14": 632.0351856937593, 
  "V_15": 244.56264246459924, 
  "V_16": 86.0464667443009, 
  "V_17": 29.256251673367544, 
  "V_21": 694.7399936467621, 
  "V_22": 930.343608175763, 
  "V_23": 741.5815239368272, 
  "V_24": 846.1743291021187, 
  "V_25": 327.58864568329227, 
  "V_26": 115.27756161619732, 
  "V_27": 39.178673443555454, 
  "V_31": 554.1084879725158, 
  "V_32": 741.5815239368272, 
  "V_33": 591.3378006830662, 
  "V_34": 674.8379313578782, 
  "V_35": 261.1010589206935, 
  "V_36": 91.97187502949987, 
  "V_37": 31.280167849569242, 
  "V_41": 632.0351856937593, 
  "V_42": 846.1743291021187, 
  "V_43": 674.8379313578782, 
  "V_44": 770.2635228457775, 
  "V_45": 298.3142875961082, 
  "V_46": 105.08715150730691, 
  "V_47": 35.73996984472092, 
  "V_51": 244.56264246459924, 
  "V_52": 327.58864568329227, 
  "V_53": 261.1010589206935, 
  "V_54": 298.3142875961082, 
  "V_55": 115.73839952401741, 
  "V_56": 40.82599315299785, 
  "V_57": 13.93364057523374, 
  "V_61": 86.0464667443009, 
  "V_62": 115.27756161619732, 
  "V_63": 91.97187502949987, 
  "V_64": 105.08715150730691, 
  "V_65": 40.82599315299785, 
  "V_66": 14.46646398315124, 
  "V_67": 4.969618451569677, 
  "V_71": 29.256251673367544, 
  "V_72": 39.178673443555454, 
  "V_73": 31.280167849569242, 
  "V_74": 35.73996984472092, 
  "V_75": 13.93364057523374, 
  "V_76": 4.969618451569677, 
  "V_77": 1.7459573375703783
}