{
  "V_11": 83.0167286826164, 
  "V_12": 125.24439678911442, 
  "V_13": 119.47524834618127, 
  "V_14": 163.9817637468004, 
  "V_15": 75.76926157008742, 
  "V_16": 30.444975274439997, 
  "V_17": 11.42289895597323, 
  "V_21": 125.24439678911442, 
  "V_22": 189.62160293407499, 
  "V_23": 181.7880243864177, 
  "V_24": 247.84477234285896, 
  "V_25": 114.4646020080256, 
  "V_26": 46.32840643779745, 
  "V_27": 17.3121836379494, 
  "V_31": 119.47524834618127, 
  "V_32": 181.7880243864177, 
  "V_33": 174.18797211319685, 
  "V_34": 237.76777173765615, 
  "V_35": 110.00889589159526, 
  "V_36": 44.34448095982345, 
  "V_37": 16.556486637898704, 
  "V_41": 163.9817637468004, 
  "V_42": 247.84477234285896, 
  "V_43": 237.76777173765615, 
  "V_44": 324.27773672567065, 
  "V_45": 150.04381192602838, 
  "V_46": 60.43025132914003, 
  "V_47": 22.57496085091922, 
  "V_51": 75.76926157008742, 
  "V_52": 114.4646020080256, 
  "V_53": 110.00889589159526, 
  "V_54": 150.04381192602838, 
  "V_55": 69.33533465740216, 
  "V_56": 27.86446268001049, 
  "V_57": 10.375685449270657, 
  "V_61": 30.444975274439997, 
  "V_62": 46.32840643779745, 
  "V_63": 44.34448095982345, 
  "V_64": 60.43025132914003, 
  "V_65": 27.86446268001049, 
  "V_66": 11.178612943849252, 
  "V_67": 4.125684636654301, 
  "V_71": 11.42289895597323, 
  "V_72": 17.3121836379494, 
  "V_73": 16.556486637898704, 
  "V_74": 22.57496085091922, 
  "V_75": 10.375685449270657, 
  "V_76": 4.125684636654301, 
  "V_77": 1.5153390483151412
}