{
  "V_11": 7.48702717487318, 
  "V_12": 13.013968429309507, 
  "V_13": 12.069258803385772, 
  "V_14": 15.378746355554915, 
  "V_15": 6.446908621021541, 
  "V_16": 2.3550534611079206, 
  "V_17": 0.9713635126704028, 
  "V_21": 13.013968429309507, 
  "V_22": 23.030403141568552, 
  "V_23": 21.479267073634652, 
  "V_24": 27.41445942739334, 
  "V_25": 11.41907475872266, 
  "V_26": 4.16848691997594, 
  "V_27": 1.764050881212091, 
  "V_31": 12.069258803385772, 
  "V_32": 21.479267073634652, 
  "V_33": 20.044041793344096, 
  "V_34": 25.34318204075303, 
  "V_35": 10.603892857993651, 
  "V_36": 3.904898208669817, 
  "V_37": 1.6395049090357472, 
  "V_41": 15.378746355554915, 
  "V_42": 27.41445942739334, 
  "V_43": 25.34318204075303, 
  "V_44": 32.340683877214865, 
  "V_45": 13.558948235945667, 
  "V_46": 4.940690411717962, 
  "V_47": 2.0865377057848127, 
  "V_51": 6.446908621021541, 
  "V_52": 11.41907475872266, 
  "V_53": 10.603892857993651, 
  "V_54": 13.558948235945667, 
  "V_55": 5.693051730530586, 
  "V_56": 2.0722078899237824, 
  "V_57": 0.8766633871206845, 
  "V_61": 2.3550534611079206, 
  "V_62": 4.16848691997594, 
  "V_63": 3.904898208669817, 
  "V_64": 4.940690411717962, 
  "V_65": 2.0722078899237824, 
  "V_66": 0.775229607566256, 
  "V_67": 0.3189615039322305, 
  "V_71": 0.9713635126704028, 
  "V_72": 1.764050881212091, 
  "V_73": 1.6395049090357472, 
  "V_74": 2.0865377057848127, 
  "V_75": 0.8766633871206845, 
  "V_76": 0.3189615039322305, 
  "V_77": 0.17590976557312282
}