{
  "V_11": 36.491370739817924, 
  "V_12": 64.23867162708338, 
  "V_13": 60.112208022501655, 
  "V_14": 76.84567359418449, 
  "V_15": 32.44589142914584, 
  "V_16": 11.849080468884639, 
  "V_17": 4.1283344074586275, 
  "V_21": 64.23867162708338, 
  "V_22": 113.17559386412958, 
  "V_23": 106.03531837155802, 
  "V_24": 135.69835113499073, 
  "V_25": 57.026875135170016, 
  "V_26": 20.89019004598559, 
  "V_27": 7.270604463450147, 
  "V_31": 60.112208022501655, 
  "V_32": 106.03531837155802, 
  "V_33": 99.05120181167396, 
  "V_34": 126.40287757980401, 
  "V_35": 53.1138509128099, 
  "V_36": 19.433958207134552, 
  "V_37": 6.773537364571483, 
  "V_41": 76.84567359418449, 
  "V_42": 135.69835113499073, 
  "V_43": 126.40287757980401, 
  "V_44": 161.79945979471304, 
  "V_45": 68.1603757146561, 
  "V_46": 24.90001825705837, 
  "V_47": 8.668861703123195, 
  "V_51": 32.44589142914584, 
  "V_52": 57.026875135170016, 
  "V_53": 53.1138509128099, 
  "V_54": 68.1603757146561, 
  "V_55": 28.799179986198144, 
  "V_56": 10.490551811834512, 
  "V_57": 3.6528597097884035, 
  "V_61": 11.849080468884639, 
  "V_62": 20.89019004598559, 
  "V_63": 19.433958207134552, 
  "V_64": 24.90001825705837, 
  "V_65": 10.490551811834512, 
  "V_66": 3.86065151280078, 
  "V_67": 1.3417960328577196, 
  "V_71": 4.1283344074586275, 
  "V_72": 7.270604463450147, 
  "V_73": 6.773537364571483, 
  "V_74": 8.668861703123195, 
  "V_75": 3.6528597097884035, 
  "V_76": 1.3417960328577196, 
  "V_77": 0.5037160532564694
}