{
  "V_11": -77960.13909515928, 
  "V_12": -52464.368153159296, 
  "V_13": -25228.165805277724, 
  "V_14": -15434.085880995688, 
  "V_15": -1187.419631195482, 
  "V_16": 94.51440303424897, 
  "V_17": 255.91599576930162, 
  "V_21": -52464.368153159296, 
  "V_22": -30121.428431592743, 
  "V_23": -11894.805865226605, 
  "V_24": -3501.4891126138828, 
  "V_25": 2596.2757640446907, 
  "V_26": 1203.857593474193, 
  "V_27": 618.9636557917416, 
  "V_31": -25228.165805277724, 
  "V_32": -11894.805865226605, 
  "V_33": -3170.9478128850897, 
  "V_34": 1772.1385037243272, 
  "V_35": 2954.887771849124, 
  "V_36": 1152.9294646537833, 
  "V_37": 522.7293903319664, 
  "V_41": -15434.085880995688, 
  "V_42": -3501.4891126138828, 
  "V_43": 1772.1385037243272, 
  "V_44": 6126.722814402616, 
  "V_45": 4299.083944882167, 
  "V_46": 1544.0683833947921, 
  "V_47": 648.9030988711802, 
  "V_51": -1187.419631195482, 
  "V_52": 2596.2757640446907, 
  "V_53": 2954.887771849124, 
  "V_54": 4299.083944882167, 
  "V_55": 2222.9057135569915, 
  "V_56": 756.0501014044885, 
  "V_57": 300.0640463655751, 
  "V_61": 94.51440303424897, 
  "V_62": 1203.857593474193, 
  "V_63": 1152.9294646537833, 
  "V_64": 1544.0683833947921, 
  "V_65": 756.0501014044885, 
  "V_66": 255.03041940439, 
  "V_67": 99.8882734147762, 
  "V_71": 255.91599576930162, 
  "V_72": 618.9636557917416, 
  "V_73": 522.7293903319664, 
  "V_74": 648.9030988711802, 
  "V_75": 300.0640463655751, 
  "V_76": 99.8882734147762, 
  "V_77": 44.25078014442087
}