{
  "V_11": 2.745266921918265, 
  "V_12": 4.662130709445591, 
  "V_13": 4.546350212301107, 
  "V_14": 5.4648444250136565, 
  "V_15": 2.298793093343446, 
  "V_16": 0.8629764479227934, 
  "V_17": 0.4610982983265109, 
  "V_21": 4.662130709445591, 
  "V_22": 8.550637842646683, 
  "V_23": 7.647090310306035, 
  "V_24": 9.708104456298143, 
  "V_25": 4.024512950654159, 
  "V_26": 1.4960238521136207, 
  "V_27": 0.7916620145421295, 
  "V_31": 4.546350212301107, 
  "V_32": 7.647090310306035, 
  "V_33": 6.998943837938044, 
  "V_34": 8.907517266466526, 
  "V_35": 3.7051391030367093, 
  "V_36": 1.392334301619563, 
  "V_37": 0.7316062986270443, 
  "V_41": 5.4648444250136565, 
  "V_42": 9.708104456298143, 
  "V_43": 8.907517266466526, 
  "V_44": 11.316917263466557, 
  "V_45": 4.69821559694178, 
  "V_46": 1.767972848906753, 
  "V_47": 0.9565486916188468, 
  "V_51": 2.298793093343446, 
  "V_52": 4.024512950654159, 
  "V_53": 3.7051391030367093, 
  "V_54": 4.69821559694178, 
  "V_55": 1.9719388672046843, 
  "V_56": 0.7429890298017844, 
  "V_57": 0.3972430720124588, 
  "V_61": 0.8629764479227934, 
  "V_62": 1.4960238521136207, 
  "V_63": 1.392334301619563, 
  "V_64": 1.767972848906753, 
  "V_65": 0.7429890298017844, 
  "V_66": 0.3099772144289996, 
  "V_67": 0.1539819913879401, 
  "V_71": 0.4610982983265109, 
  "V_72": 0.7916620145421295, 
  "V_73": 0.7316062986270443, 
  "V_74": 0.9565486916188468, 
  "V_75": 0.3972430720124588, 
  "V_76": 0.1539819913879401, 
  "V_77": 0.11758390414933774
}