{
  "V_11": 86.41049441659962, 
  "V_12": 152.11986023206723, 
  "V_13": 142.87858791644467, 
  "V_14": 186.6054742512143, 
  "V_15": 80.04273933376719, 
  "V_16": 29.598307802891753, 
  "V_17": 10.343182985347507, 
  "V_21": 152.11986023206723, 
  "V_22": 270.66439487042834, 
  "V_23": 252.58965424925032, 
  "V_24": 328.5897500362104, 
  "V_25": 141.04453028858092, 
  "V_26": 52.47673319510664, 
  "V_27": 18.27073682362001, 
  "V_31": 142.87858791644467, 
  "V_32": 252.58965424925032, 
  "V_33": 237.87365573181867, 
  "V_34": 308.44697295805656, 
  "V_35": 132.35616773119358, 
  "V_36": 49.21960502288105, 
  "V_37": 17.229500154098336, 
  "V_41": 186.6054742512143, 
  "V_42": 328.5897500362104, 
  "V_43": 308.44697295805656, 
  "V_44": 400.454464844302, 
  "V_45": 171.7374739400854, 
  "V_46": 63.945503020108944, 
  "V_47": 22.272543375306718, 
  "V_51": 80.04273933376719, 
  "V_52": 141.04453028858092, 
  "V_53": 132.35616773119358, 
  "V_54": 171.7374739400854, 
  "V_55": 73.76715055452902, 
  "V_56": 27.51655620961669, 
  "V_57": 9.554462723085315, 
  "V_61": 29.598307802891753, 
  "V_62": 52.47673319510664, 
  "V_63": 49.21960502288105, 
  "V_64": 63.945503020108944, 
  "V_65": 27.51655620961669, 
  "V_66": 10.22485443660564, 
  "V_67": 3.566646696750796, 
  "V_71": 10.343182985347507, 
  "V_72": 18.27073682362001, 
  "V_73": 17.229500154098336, 
  "V_74": 22.272543375306718, 
  "V_75": 9.554462723085315, 
  "V_76": 3.566646696750796, 
  "V_77": 1.2503697755857845
}