{
  "V_11": 21.993106134072566, 
  "V_12": 37.568896710887735, 
  "V_13": 36.044832682614555, 
  "V_14": 47.16929860591864, 
  "V_15": 20.736454481596137, 
  "V_16": 7.879575838821597, 
  "V_17": 2.647343320140299, 
  "V_21": 37.568896710887735, 
  "V_22": 66.5275604528591, 
  "V_23": 62.74271309185714, 
  "V_24": 81.88535157839615, 
  "V_25": 35.575363175802785, 
  "V_26": 13.120107132391603, 
  "V_27": 4.591945064591268, 
  "V_31": 36.044832682614555, 
  "V_32": 62.74271309185714, 
  "V_33": 59.03714065497245, 
  "V_34": 77.23514309936266, 
  "V_35": 33.25880662485362, 
  "V_36": 12.241991484688363, 
  "V_37": 4.257248845117198, 
  "V_41": 47.16929860591864, 
  "V_42": 81.88535157839615, 
  "V_43": 77.23514309936266, 
  "V_44": 101.1849256869334, 
  "V_45": 43.47169078123851, 
  "V_46": 16.04865695810623, 
  "V_47": 5.371188373194778, 
  "V_51": 20.736454481596137, 
  "V_52": 35.575363175802785, 
  "V_53": 33.25880662485362, 
  "V_54": 43.47169078123851, 
  "V_55": 18.725234788070633, 
  "V_56": 6.696745915067115, 
  "V_57": 2.2038163078842716, 
  "V_61": 7.879575838821597, 
  "V_62": 13.120107132391603, 
  "V_63": 12.241991484688363, 
  "V_64": 16.04865695810623, 
  "V_65": 6.696745915067115, 
  "V_66": 2.393359443387228, 
  "V_67": 0.7362145299433338, 
  "V_71": 2.647343320140299, 
  "V_72": 4.591945064591268, 
  "V_73": 4.257248845117198, 
  "V_74": 5.371188373194778, 
  "V_75": 2.2038163078842716, 
  "V_76": 0.7362145299433338, 
  "V_77": 0.18696527808779353
}