{
  "V_11": 17.35722066185879, 
  "V_12": 31.34796513711197, 
  "V_13": 28.370509513003334, 
  "V_14": 36.26122841845087, 
  "V_15": 15.13064508683494, 
  "V_16": 5.528323594655901, 
  "V_17": 1.8884532023412142, 
  "V_21": 31.34796513711197, 
  "V_22": 54.031211300352666, 
  "V_23": 50.58022618938269, 
  "V_24": 64.75033021198311, 
  "V_25": 26.88891604092342, 
  "V_26": 9.814024585376403, 
  "V_27": 3.403515964668453, 
  "V_31": 28.370509513003334, 
  "V_32": 50.58022618938269, 
  "V_33": 47.24239508615352, 
  "V_34": 60.020167069634645, 
  "V_35": 25.145805819900023, 
  "V_36": 9.066790271407081, 
  "V_37": 3.1392020667907703, 
  "V_41": 36.26122841845087, 
  "V_42": 64.75033021198311, 
  "V_43": 60.020167069634645, 
  "V_44": 76.47173165644426, 
  "V_45": 32.01534147698368, 
  "V_46": 11.516629935510558, 
  "V_47": 3.9204719771151786, 
  "V_51": 15.13064508683494, 
  "V_52": 26.88891604092342, 
  "V_53": 25.145805819900023, 
  "V_54": 32.01534147698368, 
  "V_55": 13.395057795462936, 
  "V_56": 4.782295616584183, 
  "V_57": 1.6400883376365312, 
  "V_61": 5.528323594655901, 
  "V_62": 9.814024585376403, 
  "V_63": 9.066790271407081, 
  "V_64": 11.516629935510558, 
  "V_65": 4.782295616584183, 
  "V_66": 1.7207420864666811, 
  "V_67": 0.5652106592426156, 
  "V_71": 1.8884532023412142, 
  "V_72": 3.403515964668453, 
  "V_73": 3.1392020667907703, 
  "V_74": 3.9204719771151786, 
  "V_75": 1.6400883376365312, 
  "V_76": 0.5652106592426156, 
  "V_77": 0.19194379748993565
}