{
  "V_11": 36.17193475626078, 
  "V_12": 63.582317905564445, 
  "V_13": 59.677604412752345, 
  "V_14": 76.84070444757525, 
  "V_15": 32.26000497595865, 
  "V_16": 11.781488021825707, 
  "V_17": 3.9888013972113057, 
  "V_21": 63.582317905564445, 
  "V_22": 113.35148226344778, 
  "V_23": 104.70146269022523, 
  "V_24": 134.3801956819741, 
  "V_25": 56.6085229634821, 
  "V_26": 20.616639271639375, 
  "V_27": 7.009310721460448, 
  "V_31": 59.677604412752345, 
  "V_32": 104.70146269022523, 
  "V_33": 98.08481460347672, 
  "V_34": 125.1119334611545, 
  "V_35": 52.62119455496006, 
  "V_36": 19.138338802362078, 
  "V_37": 6.520961613561046, 
  "V_41": 76.84070444757525, 
  "V_42": 134.3801956819741, 
  "V_43": 125.1119334611545, 
  "V_44": 160.7570385564966, 
  "V_45": 67.3505099489324, 
  "V_46": 24.365222502324556, 
  "V_47": 8.287377331562753, 
  "V_51": 32.26000497595865, 
  "V_52": 56.6085229634821, 
  "V_53": 52.62119455496006, 
  "V_54": 67.3505099489324, 
  "V_55": 28.195213328020596, 
  "V_56": 10.179177472456427, 
  "V_57": 3.413544553888617, 
  "V_61": 11.781488021825707, 
  "V_62": 20.616639271639375, 
  "V_63": 19.138338802362078, 
  "V_64": 24.365222502324556, 
  "V_65": 10.179177472456427, 
  "V_66": 3.630760704413656, 
  "V_67": 1.2285894207979515, 
  "V_71": 3.9888013972113057, 
  "V_72": 7.009310721460448, 
  "V_73": 6.520961613561046, 
  "V_74": 8.287377331562753, 
  "V_75": 3.413544553888617, 
  "V_76": 1.2285894207979515, 
  "V_77": 0.3992100512346669
}