{
  "V_11": 2.5511419187519286, 
  "V_12": 4.476881872377027, 
  "V_13": 4.184952962082882, 
  "V_14": 5.2964715098284145, 
  "V_15": 2.2033322539372366, 
  "V_16": 0.8062783938771773, 
  "V_17": 0.3606362234911745, 
  "V_21": 4.476881872377027, 
  "V_22": 7.9591820113142155, 
  "V_23": 7.343578920287506, 
  "V_24": 9.299054942635326, 
  "V_25": 3.8418560924521334, 
  "V_26": 1.404999100390548, 
  "V_27": 0.615704101955729, 
  "V_31": 4.184952962082882, 
  "V_32": 7.343578920287506, 
  "V_33": 6.799810057339586, 
  "V_34": 8.622237447904483, 
  "V_35": 3.569966747624397, 
  "V_36": 1.2969855000666026, 
  "V_37": 0.5740858813964473, 
  "V_41": 5.2964715098284145, 
  "V_42": 9.299054942635326, 
  "V_43": 8.622237447904483, 
  "V_44": 10.919210354215718, 
  "V_45": 4.515911876699749, 
  "V_46": 1.6336812772567084, 
  "V_47": 0.7079645370390016, 
  "V_51": 2.2033322539372366, 
  "V_52": 3.8418560924521334, 
  "V_53": 3.569966747624397, 
  "V_54": 4.515911876699749, 
  "V_55": 1.8611482517943303, 
  "V_56": 0.6651257833258111, 
  "V_57": 0.2785377999664515, 
  "V_61": 0.8062783938771773, 
  "V_62": 1.404999100390548, 
  "V_63": 1.2969855000666026, 
  "V_64": 1.6336812772567084, 
  "V_65": 0.6651257833258111, 
  "V_66": 0.2461468139114458, 
  "V_67": 0.09195958247267413, 
  "V_71": 0.3606362234911745, 
  "V_72": 0.615704101955729, 
  "V_73": 0.5740858813964473, 
  "V_74": 0.7079645370390016, 
  "V_75": 0.2785377999664515, 
  "V_76": 0.09195958247267413, 
  "V_77": 0.04097853927628219
}