{
  "V_11": 36.10822867656689, 
  "V_12": 64.00186536950547, 
  "V_13": 59.996863141986516, 
  "V_14": 76.72686923533588, 
  "V_15": 32.31726187691346, 
  "V_16": 11.829163180122013, 
  "V_17": 4.1150778069610565, 
  "V_21": 64.00186536950547, 
  "V_22": 113.17663594946734, 
  "V_23": 106.0235014415231, 
  "V_24": 135.64030266872567, 
  "V_25": 57.01628223187536, 
  "V_26": 20.869930217971163, 
  "V_27": 7.252557659006574, 
  "V_31": 59.996863141986516, 
  "V_32": 106.0235014415231, 
  "V_33": 98.93547046729832, 
  "V_34": 126.41544024755447, 
  "V_35": 53.22247797666921, 
  "V_36": 19.441460466358667, 
  "V_37": 6.756975129970716, 
  "V_41": 76.72686923533588, 
  "V_42": 135.64030266872567, 
  "V_43": 126.41544024755447, 
  "V_44": 161.89219997771212, 
  "V_45": 68.17613791482324, 
  "V_46": 24.888515627118494, 
  "V_47": 8.66867452755431, 
  "V_51": 32.31726187691346, 
  "V_52": 57.01628223187536, 
  "V_53": 53.22247797666921, 
  "V_54": 68.17613791482324, 
  "V_55": 28.727565722452542, 
  "V_56": 10.471614821571437, 
  "V_57": 3.6479586491879235, 
  "V_61": 11.829163180122013, 
  "V_62": 20.869930217971163, 
  "V_63": 19.441460466358667, 
  "V_64": 24.888515627118494, 
  "V_65": 10.471614821571437, 
  "V_66": 3.858058292698521, 
  "V_67": 1.337648247574316, 
  "V_71": 4.1150778069610565, 
  "V_72": 7.252557659006574, 
  "V_73": 6.756975129970716, 
  "V_74": 8.66867452755431, 
  "V_75": 3.6479586491879235, 
  "V_76": 1.337648247574316, 
  "V_77": 0.5035567639266724
}