{
  "V_11": 647.6576997650169, 
  "V_12": 737.3524686286418, 
  "V_13": 608.2928723145174, 
  "V_14": 736.9326490235688, 
  "V_15": 312.5105724467087, 
  "V_16": 120.71133374826063, 
  "V_17": 44.73151862349155, 
  "V_21": 737.3524686286418, 
  "V_22": 839.6799216773226, 
  "V_23": 692.2277953785153, 
  "V_24": 838.7327429706321, 
  "V_25": 355.83114569583284, 
  "V_26": 137.4777192481078, 
  "V_27": 50.96503196372726, 
  "V_31": 608.2928723145174, 
  "V_32": 692.2277953785153, 
  "V_33": 571.1075496539528, 
  "V_34": 691.7387306799889, 
  "V_35": 293.4864408716351, 
  "V_36": 113.4690603900376, 
  "V_37": 42.05858285724279, 
  "V_41": 736.9326490235688, 
  "V_42": 838.7327429706321, 
  "V_43": 691.7387306799889, 
  "V_44": 838.0029995486494, 
  "V_45": 355.761773023758, 
  "V_46": 137.4535995211812, 
  "V_47": 51.04081994736865, 
  "V_51": 312.5105724467087, 
  "V_52": 355.83114569583284, 
  "V_53": 293.4864408716351, 
  "V_54": 355.761773023758, 
  "V_55": 151.11704352959825, 
  "V_56": 58.513843639320605, 
  "V_57": 21.734494587008886, 
  "V_61": 120.71133374826063, 
  "V_62": 137.4777192481078, 
  "V_63": 113.4690603900376, 
  "V_64": 137.4535995211812, 
  "V_65": 58.513843639320605, 
  "V_66": 22.689173131132236, 
  "V_67": 8.479184885316874, 
  "V_71": 44.73151862349155, 
  "V_72": 50.96503196372726, 
  "V_73": 42.05858285724279, 
  "V_74": 51.04081994736865, 
  "V_75": 21.734494587008886, 
  "V_76": 8.479184885316874, 
  "V_77": 3.2009764880099554
}