{
  "V_11": 592.7290969399926, 
  "V_12": 802.9472542029033, 
  "V_13": 667.9701244562591, 
  "V_14": 818.5180815903926, 
  "V_15": 352.8358426058532, 
  "V_16": 138.17702351214595, 
  "V_17": 51.946124937904024, 
  "V_21": 802.9472542029033, 
  "V_22": 1089.6461498358283, 
  "V_23": 905.7903847102084, 
  "V_24": 1111.6181915299444, 
  "V_25": 478.89501267995087, 
  "V_26": 187.34858841886347, 
  "V_27": 70.55145530801786, 
  "V_31": 667.9701244562591, 
  "V_32": 905.7903847102084, 
  "V_33": 753.8932432299208, 
  "V_34": 925.0587043232712, 
  "V_35": 398.6084614440693, 
  "V_36": 156.09374901707008, 
  "V_37": 58.76006310237437, 
  "V_41": 818.5180815903926, 
  "V_42": 1111.6181915299444, 
  "V_43": 925.0587043232712, 
  "V_44": 1135.2725993190188, 
  "V_45": 489.5109440703145, 
  "V_46": 191.88802078879002, 
  "V_47": 72.30805253375866, 
  "V_51": 352.8358426058532, 
  "V_52": 478.89501267995087, 
  "V_53": 398.6084614440693, 
  "V_54": 489.5109440703145, 
  "V_55": 211.34757533823736, 
  "V_56": 82.99193237687743, 
  "V_57": 31.361904253006838, 
  "V_61": 138.17702351214595, 
  "V_62": 187.34858841886347, 
  "V_63": 156.09374901707008, 
  "V_64": 191.88802078879002, 
  "V_65": 82.99193237687743, 
  "V_66": 32.70505545191001, 
  "V_67": 12.461807973435354, 
  "V_71": 51.946124937904024, 
  "V_72": 70.55145530801786, 
  "V_73": 58.76006310237437, 
  "V_74": 72.30805253375866, 
  "V_75": 31.361904253006838, 
  "V_76": 12.461807973435354, 
  "V_77": 4.790465508362591
}