{
  "V_11": 518.4340653527555, 
  "V_12": 693.2462883873076, 
  "V_13": 551.3635969110176, 
  "V_14": 626.7694141650446, 
  "V_15": 241.1521853307259, 
  "V_16": 83.96048354754672, 
  "V_17": 28.468155573727493, 
  "V_21": 693.2462883873076, 
  "V_22": 927.8167138186571, 
  "V_23": 737.6367771858336, 
  "V_24": 838.9516176502538, 
  "V_25": 322.5780489633009, 
  "V_26": 112.19308439347905, 
  "V_27": 38.03678270674964, 
  "V_31": 551.3635969110176, 
  "V_32": 737.6367771858336, 
  "V_33": 586.6625233596685, 
  "V_34": 667.7410362155024, 
  "V_35": 256.83930855781296, 
  "V_36": 89.30168207176597, 
  "V_37": 30.239634248799344, 
  "V_41": 626.7694141650446, 
  "V_42": 838.9516176502538, 
  "V_43": 667.7410362155024, 
  "V_44": 759.3024586747889, 
  "V_45": 292.1177539030759, 
  "V_46": 101.6107656850732, 
  "V_47": 34.39975922480702, 
  "V_51": 241.1521853307259, 
  "V_52": 322.5780489633009, 
  "V_53": 256.83930855781296, 
  "V_54": 292.1177539030759, 
  "V_55": 112.5292540735324, 
  "V_56": 39.16736458067982, 
  "V_57": 13.261447302720086, 
  "V_61": 83.96048354754672, 
  "V_62": 112.19308439347905, 
  "V_63": 89.30168207176597, 
  "V_64": 101.6107656850732, 
  "V_65": 39.16736458067982, 
  "V_66": 13.684548085438994, 
  "V_67": 4.636925954090715, 
  "V_71": 28.468155573727493, 
  "V_72": 38.03678270674964, 
  "V_73": 30.239634248799344, 
  "V_74": 34.39975922480702, 
  "V_75": 13.261447302720086, 
  "V_76": 4.636925954090715, 
  "V_77": 1.6761335706457348
}