{
  "V_11": 151.17234055049607, 
  "V_12": 226.28277202286696, 
  "V_13": 218.025187198052, 
  "V_14": 298.4844113991741, 
  "V_15": 139.0608314481477, 
  "V_16": 56.46516230143919, 
  "V_17": 21.303567418558764, 
  "V_21": 226.28277202286696, 
  "V_22": 342.0480915859906, 
  "V_23": 329.06814083392385, 
  "V_24": 450.0838071617541, 
  "V_25": 209.63912970745537, 
  "V_26": 85.05751337477504, 
  "V_27": 32.07232669105829, 
  "V_31": 218.025187198052, 
  "V_32": 329.06814083392385, 
  "V_33": 316.7566797169249, 
  "V_34": 432.8095246191109, 
  "V_35": 201.7948856295622, 
  "V_36": 81.67226849930161, 
  "V_37": 30.845592520949566, 
  "V_41": 298.4844113991741, 
  "V_42": 450.0838071617541, 
  "V_43": 432.8095246191109, 
  "V_44": 592.9237589324658, 
  "V_45": 275.8866976367415, 
  "V_46": 111.69528520651848, 
  "V_47": 42.03166670317166, 
  "V_51": 139.0608314481477, 
  "V_52": 209.63912970745537, 
  "V_53": 201.7948856295622, 
  "V_54": 275.8866976367415, 
  "V_55": 128.52671328453366, 
  "V_56": 51.88816847726385, 
  "V_57": 19.486980359508077, 
  "V_61": 56.46516230143919, 
  "V_62": 85.05751337477504, 
  "V_63": 81.67226849930161, 
  "V_64": 111.69528520651848, 
  "V_65": 51.88816847726385, 
  "V_66": 20.853589051599293, 
  "V_67": 7.813600953713274, 
  "V_71": 21.303567418558764, 
  "V_72": 32.07232669105829, 
  "V_73": 30.845592520949566, 
  "V_74": 42.03166670317166, 
  "V_75": 19.486980359508077, 
  "V_76": 7.813600953713274, 
  "V_77": 2.882983911918807
}