{
  "V_11": 35.60950258113897, 
  "V_12": 63.780745831950604, 
  "V_13": 59.377054678115066, 
  "V_14": 76.22183939326503, 
  "V_15": 31.952804961200382, 
  "V_16": 11.665220007964653, 
  "V_17": 3.987841785161741, 
  "V_21": 63.780745831950604, 
  "V_22": 112.79567712642051, 
  "V_23": 105.13844277692358, 
  "V_24": 134.48443800372462, 
  "V_25": 56.560319075979855, 
  "V_26": 20.5764954536059, 
  "V_27": 6.992423161650421, 
  "V_31": 59.377054678115066, 
  "V_32": 105.13844277692358, 
  "V_33": 97.99518982464309, 
  "V_34": 125.28667774508483, 
  "V_35": 52.650944802360534, 
  "V_36": 19.178528086192724, 
  "V_37": 6.520118583631057, 
  "V_41": 76.22183939326503, 
  "V_42": 134.48443800372462, 
  "V_43": 125.28667774508483, 
  "V_44": 160.37327538261476, 
  "V_45": 67.27548187550492, 
  "V_46": 24.453753175949057, 
  "V_47": 8.283784941380238, 
  "V_51": 31.952804961200382, 
  "V_52": 56.560319075979855, 
  "V_53": 52.650944802360534, 
  "V_54": 67.27548187550492, 
  "V_55": 28.178225214453875, 
  "V_56": 10.20879406336182, 
  "V_57": 3.434698236586417, 
  "V_61": 11.665220007964653, 
  "V_62": 20.5764954536059, 
  "V_63": 19.178528086192724, 
  "V_64": 24.453753175949057, 
  "V_65": 10.20879406336182, 
  "V_66": 3.689095071072703, 
  "V_67": 1.2270116253332086, 
  "V_71": 3.987841785161741, 
  "V_72": 6.992423161650421, 
  "V_73": 6.520118583631057, 
  "V_74": 8.283784941380238, 
  "V_75": 3.434698236586417, 
  "V_76": 1.2270116253332086, 
  "V_77": 0.3980329926265681
}