{
  "V_11": 732.0863138183275, 
  "V_12": 824.951418764847, 
  "V_13": 657.6310767647634, 
  "V_14": 750.2036864532637, 
  "V_15": 290.3629183903494, 
  "V_16": 102.17442067862999, 
  "V_17": 34.68703659159129, 
  "V_21": 824.951418764847, 
  "V_22": 930.0410899157474, 
  "V_23": 741.3301484573433, 
  "V_24": 845.820470741114, 
  "V_25": 327.36420570005134, 
  "V_26": 115.44474461386793, 
  "V_27": 39.17726432160571, 
  "V_31": 657.6310767647634, 
  "V_32": 741.3301484573433, 
  "V_33": 591.1301260896638, 
  "V_34": 674.1619140747764, 
  "V_35": 260.9811016526296, 
  "V_36": 92.01340675357739, 
  "V_37": 31.267897820814223, 
  "V_41": 750.2036864532637, 
  "V_42": 845.820470741114, 
  "V_43": 674.1619140747764, 
  "V_44": 769.5980143325914, 
  "V_45": 298.1797648619013, 
  "V_46": 105.12773558490807, 
  "V_47": 35.791701228828146, 
  "V_51": 290.3629183903494, 
  "V_52": 327.36420570005134, 
  "V_53": 260.9811016526296, 
  "V_54": 298.1797648619013, 
  "V_55": 115.66228105116174, 
  "V_56": 40.85806520687438, 
  "V_57": 13.93706533843549, 
  "V_61": 102.17442067862999, 
  "V_62": 115.44474461386793, 
  "V_63": 92.01340675357739, 
  "V_64": 105.12773558490807, 
  "V_65": 40.85806520687438, 
  "V_66": 14.492609190397488, 
  "V_67": 4.9643480694840925, 
  "V_71": 34.68703659159129, 
  "V_72": 39.17726432160571, 
  "V_73": 31.267897820814223, 
  "V_74": 35.791701228828146, 
  "V_75": 13.93706533843549, 
  "V_76": 4.9643480694840925, 
  "V_77": 1.7423657078591674
}