{
  "V_11": 66.26297448789958, 
  "V_12": 115.98118865673888, 
  "V_13": 108.58815836708037, 
  "V_14": 139.55245818806992, 
  "V_15": 59.09114873486216, 
  "V_16": 21.635022206893296, 
  "V_17": 7.429611918088152, 
  "V_21": 115.98118865673888, 
  "V_22": 205.0615260034526, 
  "V_23": 191.6105398466785, 
  "V_24": 246.6526887224693, 
  "V_25": 104.24675114101147, 
  "V_26": 38.114303276466316, 
  "V_27": 12.98759088017542, 
  "V_31": 108.58815836708037, 
  "V_32": 191.6105398466785, 
  "V_33": 179.46917889121954, 
  "V_34": 230.42213236080224, 
  "V_35": 97.3533925567815, 
  "V_36": 35.650624361924535, 
  "V_37": 12.15221252167348, 
  "V_41": 139.55245818806992, 
  "V_42": 246.6526887224693, 
  "V_43": 230.42213236080224, 
  "V_44": 296.39760910143127, 
  "V_45": 125.09512692588639, 
  "V_46": 45.7309558271535, 
  "V_47": 15.552593315347378, 
  "V_51": 59.09114873486216, 
  "V_52": 104.24675114101147, 
  "V_53": 97.3533925567815, 
  "V_54": 125.09512692588639, 
  "V_55": 52.805717787673196, 
  "V_56": 19.198908273442047, 
  "V_57": 6.521897443828521, 
  "V_61": 21.635022206893296, 
  "V_62": 38.114303276466316, 
  "V_63": 35.650624361924535, 
  "V_64": 45.7309558271535, 
  "V_65": 19.198908273442047, 
  "V_66": 6.975760012359446, 
  "V_67": 2.340981585812324, 
  "V_71": 7.429611918088152, 
  "V_72": 12.98759088017542, 
  "V_73": 12.15221252167348, 
  "V_74": 15.552593315347378, 
  "V_75": 6.521897443828521, 
  "V_76": 2.340981585812324, 
  "V_77": 0.7734095548802008
}