{
  "V_11": 7.141932095954086, 
  "V_12": 12.94028304492702, 
  "V_13": 11.926650524862781, 
  "V_14": 15.26859430736147, 
  "V_15": 6.320409475210112, 
  "V_16": 2.2892723932226615, 
  "V_17": 0.848934718849187, 
  "V_21": 12.94028304492702, 
  "V_22": 22.65764157726297, 
  "V_23": 21.233030503727946, 
  "V_24": 26.951385231328647, 
  "V_25": 11.190154437070156, 
  "V_26": 4.063733032647895, 
  "V_27": 1.4855040379125455, 
  "V_31": 11.926650524862781, 
  "V_32": 21.233030503727946, 
  "V_33": 19.64313808295668, 
  "V_34": 25.032361276980012, 
  "V_35": 10.37365904844109, 
  "V_36": 3.741358280707025, 
  "V_37": 1.3747040410865896, 
  "V_41": 15.26859430736147, 
  "V_42": 26.951385231328647, 
  "V_43": 25.032361276980012, 
  "V_44": 31.79689572124817, 
  "V_45": 13.204833944368499, 
  "V_46": 4.7361769208212365, 
  "V_47": 1.7333684365129616, 
  "V_51": 6.320409475210112, 
  "V_52": 11.190154437070156, 
  "V_53": 10.37365904844109, 
  "V_54": 13.204833944368499, 
  "V_55": 5.4664991611907405, 
  "V_56": 1.9560143904317702, 
  "V_57": 0.7020535017221561, 
  "V_61": 2.2892723932226615, 
  "V_62": 4.063733032647895, 
  "V_63": 3.741358280707025, 
  "V_64": 4.7361769208212365, 
  "V_65": 1.9560143904317702, 
  "V_66": 0.6918007413885422, 
  "V_67": 0.2409166020125961, 
  "V_71": 0.848934718849187, 
  "V_72": 1.4855040379125455, 
  "V_73": 1.3747040410865896, 
  "V_74": 1.7333684365129616, 
  "V_75": 0.7020535017221561, 
  "V_76": 0.2409166020125961, 
  "V_77": 0.09182319688579516
}