{
  "V_11": 17.101872832617918, 
  "V_12": 25.540512255204842, 
  "V_13": 24.597012099924136, 
  "V_14": 33.74517302221509, 
  "V_15": 15.546115782777193, 
  "V_16": 6.1628779065643045, 
  "V_17": 2.3201640550956544, 
  "V_21": 25.540512255204842, 
  "V_22": 39.48891114438655, 
  "V_23": 37.53778755395733, 
  "V_24": 50.85735430514845, 
  "V_25": 23.34528809748079, 
  "V_26": 9.342017414398322, 
  "V_27": 3.5791469369666715, 
  "V_31": 24.597012099924136, 
  "V_32": 37.53778755395733, 
  "V_33": 35.85444861117683, 
  "V_34": 48.782225828862806, 
  "V_35": 22.366341832473303, 
  "V_36": 8.921825504500442, 
  "V_37": 3.4193113946403146, 
  "V_41": 33.74517302221509, 
  "V_42": 50.85735430514845, 
  "V_43": 48.782225828862806, 
  "V_44": 65.74513354101192, 
  "V_45": 30.21323963826849, 
  "V_46": 12.080970397398762, 
  "V_47": 4.512466335989847, 
  "V_51": 15.546115782777193, 
  "V_52": 23.34528809748079, 
  "V_53": 22.366341832473303, 
  "V_54": 30.21323963826849, 
  "V_55": 13.75905475251166, 
  "V_56": 5.474844866688264, 
  "V_57": 2.0628337675399266, 
  "V_61": 6.1628779065643045, 
  "V_62": 9.342017414398322, 
  "V_63": 8.921825504500442, 
  "V_64": 12.080970397398762, 
  "V_65": 5.474844866688264, 
  "V_66": 2.1636961829284806, 
  "V_67": 0.7950243973539499, 
  "V_71": 2.3201640550956544, 
  "V_72": 3.5791469369666715, 
  "V_73": 3.4193113946403146, 
  "V_74": 4.512466335989847, 
  "V_75": 2.0628337675399266, 
  "V_76": 0.7950243973539499, 
  "V_77": 0.30485483270162805
}