{
  "V_11": 656.5716279124368, 
  "V_12": 880.2781525912667, 
  "V_13": 703.6007747837378, 
  "V_14": 805.8070585086233, 
  "V_15": 313.2705648866817, 
  "V_16": 110.62839720364079, 
  "V_17": 37.58260979938952, 
  "V_21": 880.2781525912667, 
  "V_22": 1180.2674469591987, 
  "V_23": 943.6475414735513, 
  "V_24": 1080.3931234186766, 
  "V_25": 420.36560016112486, 
  "V_26": 148.3119460252545, 
  "V_27": 50.50775680228612, 
  "V_31": 703.6007747837378, 
  "V_32": 943.6475414735513, 
  "V_33": 754.2865368696034, 
  "V_34": 863.7696090257459, 
  "V_35": 335.98196650084645, 
  "V_36": 118.71964276159443, 
  "V_37": 40.38488147424855, 
  "V_41": 805.8070585086233, 
  "V_42": 1080.3931234186766, 
  "V_43": 863.7696090257459, 
  "V_44": 989.9457619600353, 
  "V_45": 385.1855882557834, 
  "V_46": 136.1281654756828, 
  "V_47": 46.36431764834466, 
  "V_51": 313.2705648866817, 
  "V_52": 420.36560016112486, 
  "V_53": 335.98196650084645, 
  "V_54": 385.1855882557834, 
  "V_55": 150.08223525225844, 
  "V_56": 53.1885223229099, 
  "V_57": 18.15023864206364, 
  "V_61": 110.62839720364079, 
  "V_62": 148.3119460252545, 
  "V_63": 118.71964276159443, 
  "V_64": 136.1281654756828, 
  "V_65": 53.1885223229099, 
  "V_66": 18.920940044500586, 
  "V_67": 6.506271053077989, 
  "V_71": 37.58260979938952, 
  "V_72": 50.50775680228612, 
  "V_73": 40.38488147424855, 
  "V_74": 46.36431764834466, 
  "V_75": 18.15023864206364, 
  "V_76": 6.506271053077989, 
  "V_77": 2.260165382776413
}