'V_11': 144.1018750428846
'V_12': 249.59431018831356
'V_13': 244.66582110123935
'V_14': 336.6181395896945
'V_15': 158.88978277761274
'V_16': 64.8550042223524
'V_17': 25.056005942769556
'V_18': 9.254320952480366
'V_19': 3.3742053654789457
'V_110': 1.2074348651156566
'V_111': 0.5741566197126139
'V_21': 249.59431018831356
'V_22': 434.4397535530381
'V_23': 419.9465614719776
'V_24': 582.586355478872
'V_25': 275.2424798318757
'V_26': 112.99089855941219
'V_27': 43.55122219377296
'V_28': 15.904405824872896
'V_29': 5.755017593374247
'V_210': 2.197035107447589
'V_211': 0.926900047527712
'V_31': 244.66582110123935
'V_32': 419.9465614719776
'V_33': 406.54479762838923
'V_34': 563.4306352163759
'V_35': 266.163071342906
'V_36': 109.25399290012031
'V_37': 41.97188517703325
'V_38': 15.177681066836604
'V_39': 5.504869088885033
'V_310': 2.073071289394269
'V_311': 0.859399886915256
'V_41': 336.6181395896945
'V_42': 582.586355478872
'V_43': 563.4306352163759
'V_44': 779.4147468081165
'V_45': 368.3224060384476
'V_46': 150.71023938846696
'V_47': 57.801404053911156
'V_48': 21.05706841395095
'V_49': 7.477153978363576
'V_410': 2.821277581506622
'V_411': 1.1520968216471992
'V_51': 158.88978277761274
'V_52': 275.2424798318757
'V_53': 266.163071342906
'V_54': 368.3224060384476
'V_55': 173.4469501498106
'V_56': 71.09150943578729
'V_57': 27.092136203195675
'V_58': 9.803625908927607
'V_59': 3.5120998571972097
'V_510': 1.2779763580870145
'V_511': 0.5121167896272847
'V_61': 64.8550042223524
'V_62': 112.99089855941219
'V_63': 109.25399290012031
'V_64': 150.71023938846696
'V_65': 71.09150943578729
'V_66': 28.936429053472654
'V_67': 11.042241595680197
'V_68': 3.945647052338258
'V_69': 1.379420388646803
'V_610': 0.4839285117741903
'V_611': 0.16024779568881362
'V_71': 25.056005942769556
'V_72': 43.55122219377296
'V_73': 41.97188517703325
'V_74': 57.801404053911156
'V_75': 27.092136203195675
'V_76': 11.042241595680197
'V_77': 4.138868361068064
'V_78': 1.4428523534946827
'V_79': 0.48319882160832733
'V_710': 0.1505282171579704
'V_711': 0.03444819259023206
'V_81': 9.254320952480366
'V_82': 15.904405824872896
'V_83': 15.177681066836604
'V_84': 21.05706841395095
'V_85': 9.803625908927607
'V_86': 3.945647052338258
'V_87': 1.4428523534946827
'V_88': 0.49647183664248384
'V_89': 0.15483217462251062
'V_810': 0.03671758332536638
'V_811': -0.0006503941068637763
'V_91': 3.3742053654789457
'V_92': 5.755017593374247
'V_93': 5.504869088885033
'V_94': 7.477153978363576
'V_95': 3.5120998571972097
'V_96': 1.379420388646803
'V_97': 0.48319882160832733
'V_98': 0.15483217462251062
'V_99': 0.03843316856751556
'V_910': 0.004128240774546773
'V_911': -0.01281423337130914
'V_101': 1.2074348651156566
'V_102': 2.197035107447589
'V_103': 2.073071289394269
'V_104': 2.821277581506622
'V_105': 1.2779763580870145
'V_106': 0.4839285117741903
'V_107': 0.1505282171579704
'V_108': 0.03671758332536638
'V_109': 0.004128240774546773
'V_1010': -0.013828801556342035
'V_1011': -0.014479948183804648
'V_111': 0.5741566197126139
'V_112': 0.926900047527712
'V_113': 0.859399886915256
'V_114': 1.1520968216471992
'V_115': 0.5121167896272847
'V_116': 0.16024779568881362
'V_117': 0.03444819259023206
'V_118': -0.0006503941068637763
'V_119': -0.01281423337130914
'V_1110': -0.014479948183804648
'V_1111': -0.020570262011260144
