{
  "V_11": 66.29372497006781, 
  "V_12": 116.05965157616849, 
  "V_13": 109.10705499064379, 
  "V_14": 139.77421742109493, 
  "V_15": 59.00125967537153, 
  "V_16": 21.6575413224753, 
  "V_17": 7.37892603956843, 
  "V_21": 116.05965157616849, 
  "V_22": 205.7600362443423, 
  "V_23": 191.9274854386378, 
  "V_24": 246.88872572109588, 
  "V_25": 104.21911228040334, 
  "V_26": 38.115854205445686, 
  "V_27": 13.085287161584763, 
  "V_31": 109.10705499064379, 
  "V_32": 191.9274854386378, 
  "V_33": 179.49545438100895, 
  "V_34": 230.7633495570015, 
  "V_35": 97.39941511937177, 
  "V_36": 35.62777502061814, 
  "V_37": 12.165323088767904, 
  "V_41": 139.77421742109493, 
  "V_42": 246.88872572109588, 
  "V_43": 230.7633495570015, 
  "V_44": 296.4359843586532, 
  "V_45": 125.05375292944919, 
  "V_46": 45.70011415740619, 
  "V_47": 15.597653894040253, 
  "V_51": 59.00125967537153, 
  "V_52": 104.21911228040334, 
  "V_53": 97.39941511937177, 
  "V_54": 125.05375292944919, 
  "V_55": 52.68973137636704, 
  "V_56": 19.21688392068276, 
  "V_57": 6.525099724874266, 
  "V_61": 21.6575413224753, 
  "V_62": 38.115854205445686, 
  "V_63": 35.62777502061814, 
  "V_64": 45.70011415740619, 
  "V_65": 19.21688392068276, 
  "V_66": 6.985000907854374, 
  "V_67": 2.344219521727296, 
  "V_71": 7.37892603956843, 
  "V_72": 13.085287161584763, 
  "V_73": 12.165323088767904, 
  "V_74": 15.597653894040253, 
  "V_75": 6.525099724874266, 
  "V_76": 2.344219521727296, 
  "V_77": 0.7794641931323345
}