{
  "V_11": 1.9843689208792668, 
  "V_12": 2.9557568381252084, 
  "V_13": 3.2631087722666647, 
  "V_14": 3.6352363536528216, 
  "V_15": 1.419261491371595, 
  "V_16": 0.44918783165795867, 
  "V_17": 0.20805164210213128, 
  "V_21": 2.9557568381252084, 
  "V_22": 4.841365093576883, 
  "V_23": 4.114266618905343, 
  "V_24": 4.797993514259368, 
  "V_25": 1.808812339625605, 
  "V_26": 0.7721462354056399, 
  "V_27": 0.2361073635282992, 
  "V_31": 3.2631087722666647, 
  "V_32": 4.114266618905343, 
  "V_33": 2.980464161942252, 
  "V_34": 3.976258635745604, 
  "V_35": 1.4626013342936126, 
  "V_36": 0.6124570933578871, 
  "V_37": 0.1743587461023598, 
  "V_41": 3.6352363536528216, 
  "V_42": 4.797993514259368, 
  "V_43": 3.976258635745604, 
  "V_44": 4.4173930538475075, 
  "V_45": 1.845031776983616, 
  "V_46": 0.5688776861161804, 
  "V_47": 0.20133829636992256, 
  "V_51": 1.419261491371595, 
  "V_52": 1.808812339625605, 
  "V_53": 1.4626013342936126, 
  "V_54": 1.845031776983616, 
  "V_55": 0.786148755971483, 
  "V_56": 0.2867425193511918, 
  "V_57": 0.09554206979966896, 
  "V_61": 0.44918783165795867, 
  "V_62": 0.7721462354056399, 
  "V_63": 0.6124570933578871, 
  "V_64": 0.5688776861161804, 
  "V_65": 0.2867425193511918, 
  "V_66": 0.11083469611020463, 
  "V_67": 0.03448509301075801, 
  "V_71": 0.20805164210213128, 
  "V_72": 0.2361073635282992, 
  "V_73": 0.1743587461023598, 
  "V_74": 0.20133829636992256, 
  "V_75": 0.09554206979966896, 
  "V_76": 0.03448509301075801, 
  "V_77": 0.009359589341336247
}