{
  "V_11": 17.991353521097878, 
  "V_12": 19.771709052936007, 
  "V_13": 14.563333265900223, 
  "V_14": 18.31998626416097, 
  "V_15": 8.401124562224899, 
  "V_16": 3.487349436226319, 
  "V_17": 1.4765662497163095, 
  "V_21": 19.771709052936007, 
  "V_22": 23.904837294172133, 
  "V_23": 20.077055523781773, 
  "V_24": 23.368123034034003, 
  "V_25": 10.206831297802323, 
  "V_26": 4.09194116726734, 
  "V_27": 2.062413113573844, 
  "V_31": 14.563333265900223, 
  "V_32": 20.077055523781773, 
  "V_33": 16.38405110421804, 
  "V_34": 18.945512009585908, 
  "V_35": 8.526778505307027, 
  "V_36": 3.570404280170589, 
  "V_37": 1.6600759359942066, 
  "V_41": 18.31998626416097, 
  "V_42": 23.368123034034003, 
  "V_43": 18.945512009585908, 
  "V_44": 22.541526540969578, 
  "V_45": 10.315999207594706, 
  "V_46": 4.518807108990946, 
  "V_47": 2.23251394414523, 
  "V_51": 8.401124562224899, 
  "V_52": 10.206831297802323, 
  "V_53": 8.526778505307027, 
  "V_54": 10.315999207594706, 
  "V_55": 4.811897349457051, 
  "V_56": 2.159055283428744, 
  "V_57": 1.054683500505869, 
  "V_61": 3.487349436226319, 
  "V_62": 4.09194116726734, 
  "V_63": 3.570404280170589, 
  "V_64": 4.518807108990946, 
  "V_65": 2.159055283428744, 
  "V_66": 1.111768061231098, 
  "V_67": 0.5299558099670925, 
  "V_71": 1.4765662497163095, 
  "V_72": 2.062413113573844, 
  "V_73": 1.6600759359942066, 
  "V_74": 2.23251394414523, 
  "V_75": 1.054683500505869, 
  "V_76": 0.5299558099670925, 
  "V_77": 0.26943767617180364
}