{
  "V_11": 36.03277345883388, 
  "V_12": 63.50853282892801, 
  "V_13": 59.670689724704886, 
  "V_14": 76.44869401905984, 
  "V_15": 32.195873452159724, 
  "V_16": 11.751309935611697, 
  "V_17": 4.015921593068946, 
  "V_21": 63.50853282892801, 
  "V_22": 112.95058417256419, 
  "V_23": 105.11037346517598, 
  "V_24": 134.41184971944608, 
  "V_25": 56.64246388763311, 
  "V_26": 20.553814507445757, 
  "V_27": 7.02313591454499, 
  "V_31": 59.670689724704886, 
  "V_32": 105.11037346517598, 
  "V_33": 98.1547408840271, 
  "V_34": 125.2804402911402, 
  "V_35": 52.64004639006561, 
  "V_36": 19.12801557197899, 
  "V_37": 6.512123525704364, 
  "V_41": 76.44869401905984, 
  "V_42": 134.41184971944608, 
  "V_43": 125.2804402911402, 
  "V_44": 160.6926247816913, 
  "V_45": 67.31382201969699, 
  "V_46": 24.40397866591328, 
  "V_47": 8.30188383438662, 
  "V_51": 32.195873452159724, 
  "V_52": 56.64246388763311, 
  "V_53": 52.64004639006561, 
  "V_54": 67.31382201969699, 
  "V_55": 28.283860154662502, 
  "V_56": 10.219470246855211, 
  "V_57": 3.4380632907947724, 
  "V_61": 11.751309935611697, 
  "V_62": 20.553814507445757, 
  "V_63": 19.12801557197899, 
  "V_64": 24.40397866591328, 
  "V_65": 10.219470246855211, 
  "V_66": 3.647120810752454, 
  "V_67": 1.225456357513116, 
  "V_71": 4.015921593068946, 
  "V_72": 7.02313591454499, 
  "V_73": 6.512123525704364, 
  "V_74": 8.30188383438662, 
  "V_75": 3.4380632907947724, 
  "V_76": 1.225456357513116, 
  "V_77": 0.4029374689918691
}