{
  "V_11": 65.20608004835363, 
  "V_12": 86.77055899576527, 
  "V_13": 68.68748119736941, 
  "V_14": 77.79207937684139, 
  "V_15": 29.914319008485947, 
  "V_16": 10.683606302320833, 
  "V_17": 4.767454876416328, 
  "V_21": 86.77055899576527, 
  "V_22": 116.03491872507531, 
  "V_23": 91.92185858116133, 
  "V_24": 103.98990949153134, 
  "V_25": 39.93667302279186, 
  "V_26": 14.28877814151419, 
  "V_27": 6.383785487755898, 
  "V_31": 68.68748119736941, 
  "V_32": 91.92185858116133, 
  "V_33": 72.84343789435839, 
  "V_34": 82.45937676810709, 
  "V_35": 31.714183374588703, 
  "V_36": 11.361684440975885, 
  "V_37": 5.062446540957276, 
  "V_41": 77.79207937684139, 
  "V_42": 103.98990949153134, 
  "V_43": 82.45937676810709, 
  "V_44": 93.49243320424463, 
  "V_45": 35.952716346247506, 
  "V_46": 12.866746999022295, 
  "V_47": 5.764937601429435, 
  "V_51": 29.914319008485947, 
  "V_52": 39.93667302279186, 
  "V_53": 31.714183374588703, 
  "V_54": 35.952716346247506, 
  "V_55": 13.912219648742912, 
  "V_56": 4.998894833663197, 
  "V_57": 2.2492347232489727, 
  "V_61": 10.683606302320833, 
  "V_62": 14.28877814151419, 
  "V_63": 11.361684440975885, 
  "V_64": 12.866746999022295, 
  "V_65": 4.998894833663197, 
  "V_66": 1.9272487287402595, 
  "V_67": 0.8278121997013035, 
  "V_71": 4.767454876416328, 
  "V_72": 6.383785487755898, 
  "V_73": 5.062446540957276, 
  "V_74": 5.764937601429435, 
  "V_75": 2.2492347232489727, 
  "V_76": 0.8278121997013035, 
  "V_77": 0.5092462242632525
}