{
  "V_11": 422.0092040460909, 
  "V_12": 566.1623684477061, 
  "V_13": 455.4799601453125, 
  "V_14": 523.9477591747768, 
  "V_15": 205.4604998724385, 
  "V_16": 73.02383220864277, 
  "V_17": 25.075416213954494, 
  "V_21": 566.1623684477061, 
  "V_22": 761.4162454917798, 
  "V_23": 611.2582783530511, 
  "V_24": 704.3029520932158, 
  "V_25": 276.1012082491006, 
  "V_26": 98.31047749315877, 
  "V_27": 33.75138116082884, 
  "V_31": 455.4799601453125, 
  "V_32": 611.2582783530511, 
  "V_33": 491.08478121009455, 
  "V_34": 565.4384396560355, 
  "V_35": 221.6863128606547, 
  "V_36": 79.0785785376345, 
  "V_37": 27.20744421134039, 
  "V_41": 523.9477591747768, 
  "V_42": 704.3029520932158, 
  "V_43": 565.4384396560355, 
  "V_44": 652.3934866797044, 
  "V_45": 255.9762934732309, 
  "V_46": 91.3460450016775, 
  "V_47": 31.490934266303615, 
  "V_51": 205.4604998724385, 
  "V_52": 276.1012082491006, 
  "V_53": 221.6863128606547, 
  "V_54": 255.9762934732309, 
  "V_55": 100.70397955150415, 
  "V_56": 36.038142971355775, 
  "V_57": 12.492174242258677, 
  "V_61": 73.02383220864277, 
  "V_62": 98.31047749315877, 
  "V_63": 79.0785785376345, 
  "V_64": 91.3460450016775, 
  "V_65": 36.038142971355775, 
  "V_66": 12.96508507982562, 
  "V_67": 4.553039720940225, 
  "V_71": 25.075416213954494, 
  "V_72": 33.75138116082884, 
  "V_73": 27.20744421134039, 
  "V_74": 31.490934266303615, 
  "V_75": 12.492174242258677, 
  "V_76": 4.553039720940225, 
  "V_77": 1.6295692700048017
}