{
  "V_11": 17.11899269651859, 
  "V_12": 25.637232343064014, 
  "V_13": 24.731044780954893, 
  "V_14": 33.5649516482887, 
  "V_15": 15.505467756107835, 
  "V_16": 6.161036800700093, 
  "V_17": 2.334802689490602, 
  "V_21": 25.637232343064014, 
  "V_22": 39.38854151316584, 
  "V_23": 37.593712698353826, 
  "V_24": 50.76526403876938, 
  "V_25": 23.379819560965696, 
  "V_26": 9.337356721693993, 
  "V_27": 3.55369099923037, 
  "V_31": 24.731044780954893, 
  "V_32": 37.593712698353826, 
  "V_33": 35.891202288261404, 
  "V_34": 48.71118007517712, 
  "V_35": 22.433775404684795, 
  "V_36": 8.941983808845762, 
  "V_37": 3.400993760678592, 
  "V_41": 33.5649516482887, 
  "V_42": 50.76526403876938, 
  "V_43": 48.71118007517712, 
  "V_44": 65.86856245607123, 
  "V_45": 30.260335534129908, 
  "V_46": 12.07330520145364, 
  "V_47": 4.521326647580398, 
  "V_51": 15.505467756107835, 
  "V_52": 23.379819560965696, 
  "V_53": 22.433775404684795, 
  "V_54": 30.260335534129908, 
  "V_55": 13.797162448027137, 
  "V_56": 5.473398022429717, 
  "V_57": 2.060711696017522, 
  "V_61": 6.161036800700093, 
  "V_62": 9.337356721693993, 
  "V_63": 8.941983808845762, 
  "V_64": 12.07330520145364, 
  "V_65": 5.473398022429717, 
  "V_66": 2.1815759398823964, 
  "V_67": 0.8044969244003363, 
  "V_71": 2.334802689490602, 
  "V_72": 3.55369099923037, 
  "V_73": 3.400993760678592, 
  "V_74": 4.521326647580398, 
  "V_75": 2.060711696017522, 
  "V_76": 0.8044969244003363, 
  "V_77": 0.30278029559241404
}